-0.20543275674926575
-0.3979325708312496
-0.3126136642215604
-0.3126136642215604
-0.3126136642215604
-0.3198820358541318
-0.32003418067594447
-0.32003418067594447
-0.32003418067594447
-0.32003418067594447
-0.32003418067594447
-0.5964619583241222
-0.4770746858927881
-0.5210254281828414
-0.6154398384858589
-0.40913557411194906
-0.30361895974065634
-0.23652342385852712
-0.17465672594718945
-0.24838577091192893
-0.40913557411194906
-0.30361895974065634
-0.10960969946852915
-0.8717571764144085
-0.10960969946852915
-0.8717571764144085
-0.1795312835776578
-0.1666762634055573
-0.049041808882265066
-0.45739807111438374
-0.45739807111438374
-0.3744036999219048
-0.3287966837817243
-0.2655030790499447
-0.10443056757310817
-0.1894069540265693
-0.2334673276041429
-0.06281930044157279
-0.5866294435012143
-0.19054952635275865
-0.24842403472098368
-0.3534147733673273
-0.08352633187538619
-0.04709954019111464
-0.22153447583212393
-0.07135949718064398
-0.25659770886997235
-0.8234932949112151
-0.02932185082910679
-0.04013421259097302
-0.25855734068130604
-0.1756891835186975
-0.21594568276004952
-0.06291992225884198
-0.18920571591167207
-0.13717294666809174
-0.023926017491516623
-0.46357835595107366
-0.21018928077253227
-0.08154720289870133
-0.05725351954533617
-0.387890688580546
-0.2732451420249357
-0.22118078102572128
-0.2716670715339222
-0.44438549352067375
-0.38774584973469417
-0.38453445165660255
-0.2558856387292361
-0.45739807111438374
-0.3744036999219048
-0.3287966837817243
-0.2655030790499447
-0.10443056757310817
-0.1894069540265693
-0.2334673276041429
-0.06281930044157279
-0.5866294435012143
-0.19054952635275865
-0.24842403472098368
-0.3534147733673273
-0.08352633187538619
-0.04709954019111464
-0.22153447583212393
-0.07135949718064398
-0.25659770886997235
-0.8234932949112151
-0.02932185082910679
-0.04013421259097302
-0.25855734068130604
-0.1756891835186975
-0.21594568276004952
-0.06291992225884198
-0.18920571591167207
-0.13717294666809174
-0.023926017491516623
-0.46357835595107366
-0.21018928077253227
-0.08154720289870133
-0.05725351954533617
-0.387890688580546
-0.2732451420249357
-0.22118078102572128
-0.2716670715339222
-0.11059246370888269
-0.09016788950462262
-0.08664102439836675
-0.42957195349502586
-0.4731950701489744
-0.04576078733449075
-0.13058153943304376
-0.2696768090104566
-0.55254119396065
-0.16632071571492574
-0.09315250217729173
-0.2787817341824313
-0.7343719073392273
-0.19400109999865547
-0.23559918495207877
-0.15848462141561456
-0.17657787330545627
-0.03222046005713755
-0.13278562213825096
-0.1321803006901474
-0.2986012919016179
-0.4049951414619456
-0.1871857185900169
-0.0902870121039498
-0.6869941493754196
-0.19456389943312707
-0.16722074492492633
-0.11271482842690245
-0.06729889675318036
-0.5013885108439291
-0.07348337405814422
-0.39869008997610733
-0.4261273445438336
-0.6404869719163285
-0.670079650001839
-0.39480748582081926
-0.5676914430743474
-0.11182246248751819
-0.42061608213888096
-0.18497846059620843
-0.15440512865632997
-0.21069977474318136
-0.3639597988432536
-0.2864513295746495
-0.08706041403712116
-0.024217680753688204
-0.40426809336570974
-0.8283690056608589
-0.7363781585189163
-1.2356953462015317
-0.08807474393008716
-0.3424259341631436
-0.6019297041485094
-0.7642997152332411
-0.26876074161790153
-0.34702968520321853
0.49741900458349364
-0.16720006832126333
-0.32157622988929296
-0.27693818121561053
-0.2224446342704641
-0.1028636120885958
-0.4816592509263101
-0.041114355206577816
-0.8654066225353586
-0.19433519344298672
-0.13307813495321877
-0.6942325531472293
-0.6459206549257343
-0.3145018631186202
-0.0200567744271463
-0.3749398083744538
-0.17164960059965323
-0.11739795184501332
-0.06613313620467574
-0.4044564787755039
-0.43688705810940803
-0.4799100021783311
-0.1838842148705934
-0.3181540852087189
-0.7249284100706832
-0.6452511183724627
-0.016423273617190218
-0.07768901898066367
-0.12880392006503324
-0.12872424248429873
-0.10878637660890358
-0.38378803350488266
-0.6611967694126446
-0.44438549352067375
-0.38774584973469417
-0.38453445165660255
-0.2558856387292361
-0.13640044566782972
-0.1898023466742156
-0.19835942341887738
-0.05163497449798804
-0.4566070751253967
-0.2073783810078957
-0.2357797382463143
-0.28242757692494447
-0.12726908165027262
-0.034389777246595185
-0.2158279660534379
-0.048564246370302766
-0.1838364444762586
-0.6585696224032682
-0.013515193217104215
-0.04006776635067933
-0.19299051497706468
-0.13398908720195885
-0.14566410967176047
-0.0868626135024209
-0.21619064791678863
-0.1852330025114709
-0.038618805552076224
-0.346658888243407
-0.22888143653185744
-0.06536722387004001
-0.06744957998761315
-0.32476554632770266
-0.2980139300817085
-0.3747710112900578
-0.06442833707401203
-0.2775029902761617
-0.08520095182643454
-0.10496049634077005
-0.4042414280074144
-0.9087392999404549
-0.05322292696197344
-0.1234990054146066
-0.2496831293486936
-0.3658203218956873
-0.23741060224212981
-0.041960605737390105
-0.29700355981314197
-0.6549627353592016
-0.20946751924688167
-0.26844726403475105
-0.42830980993706935
-0.16477053947312667
-0.03320224554394982
-0.1954110995379084
-0.07634104317146424
-0.2978270199112019
-0.30995053149006213
-0.18860107436360332
-0.04021021285737797
-0.45435520704401694
-0.23905680558997142
-0.17869159934945883
-0.47852307808918887
-0.13709789464620528
-0.4363893121681909
-0.10380048425049623
-0.22598884000049216
-0.5596863450578231
-0.6568852804949994
-1.3860514380504612
-0.13020489048867936
-0.6760680120577419
-0.11071504242765351
-0.22767519985814033
-0.14719467808695547
-0.1692295220860867
-0.16463354901631078
-0.265148803847339
-1.2013950177880086
-0.10598509731443483
-0.15750721571254825
-0.3082482840676263
-0.7796776275949772
-0.7559134811930965
-0.8293621379468492
-0.1631202596743791
-0.1671116434353431
-0.6437345355750008
-0.5826737235015338
-0.36585015643116703
-0.2799927304162613
-0.1273992385370426
-0.10959174355823895
-0.2977960637513352
-0.17130737280352173
-0.1454551248053961
-0.40233093037046647
-0.5011744886836046
-0.06392823381030904
-0.5674670461384861
-0.20914066827954936
-0.4099644747143355
-1.1382894384658617
-0.7186685309649455
-0.3495238311715772
0.4974229022890079
-0.2520317258275115
-0.08924357380945006
-0.614869499033781
-0.35209986754128936
-0.33642215420986477
-0.36341527953350405
-0.21119564633856067
-0.19277465328207924
-0.3727683621836582
-0.07149704090210417
-0.8426125139987066
-0.17807819454606008
-0.23863071307742936
-0.2829288096895077
-0.14260674792348912
-0.026444677658270466
-0.21528782633500212
-0.04146836711682145
-0.27299067907112506
-0.6073875108165689
-0.03296656028119181
-0.04407531486542007
-0.16100201567780373
-0.15898000063856224
-0.3494526306516154
-0.27205636007735107
-0.2148828394481409
-0.13453454621497973
-0.025597984411072767
-0.34407812481935973
-0.26245755209183474
-0.11685287771442886
-0.23902154403258977
-0.38094034877305816
-0.26383387465318975
-0.27410592963163427
-0.0396107217177028
-0.33424642200713334
-0.09016137317860393
-0.10325868274857747
-0.38884076232933945
-1.0594580503061006
-0.0388723318211041
-0.18677808708642257
-0.24585269055869638
-0.8358731822838364
-0.21997304989378477
-0.2883152664752534
-0.2948816205792254
-1.0617514512660222
-0.05906103099415275
-0.8090804437199679
-0.1206576021268607
-0.1855438413178897
-0.05910919619835819
-0.14735365521996316
-0.02544215896216008
-0.3407431741522851
-0.39816092423587346
-0.1908628157569166
-0.02090890482122046
-0.6957759115006755
-0.28569634203014527
-0.20735460533976954
-0.44255834679778394
-0.23545642251682286
-0.46146753398097845
-0.07047876994893752
-0.26825677346724836
-0.49695821424424713
-1.06420114092008
-0.598517964232929
-0.5088190918809737
-0.7937993507012601
-0.11385078246369296
-0.14373445986562033
-0.15349805706242997
-0.16097023867705526
-0.21660372445404605
-0.09036945051172471
-0.7086941288622318
-0.06994261925464937
-0.0683614650022201
-0.1231229709169267
-0.4743056965335833
-0.4353434363383943
-0.6268994807626573
-0.10779898024299497
-0.12999725429506231
-0.646232040569951
-0.6336106784470236
-0.38726068446626644
-0.18059817427123037
-0.034381329713071784
-0.10929001532078574
-0.3230793805566388
-0.20842706486319484
-0.06661768635733128
-0.22157530723553961
-0.5391566942767017
-0.10881575796665788
-1.1458703458785469
-0.17387068663784175
-0.21875617585481588
-0.5010584523527492
-0.8012368306305563
-0.3467420166674735
-0.04820990326503509
-0.3803955104485814
-0.34223707917072616
-0.614869499033781
-0.614869499033781
-0.6157189966105087
-0.35094153368458225
-0.33631280827544563
-0.3637523389245856
-0.16454970448102368
-0.19195939251757974
-0.33255182752665585
-0.09426045848190368
-0.7238345653448962
-0.169736079115846
-0.2437409459378662
-0.2462836709130994
-0.14739624560470657
-0.013988464583032906
-0.20110454577864068
-0.042578856219808996
-0.3367029340851775
-0.3626557153550425
-0.06398348061633202
-0.03976714462772523
-0.18735908293721565
-0.15957120560365948
-0.16008409142455854
-0.2893694944671296
-0.17210001146587986
-0.11161698070932713
-0.07439914265798969
-0.0889659621903337
-0.05809891225940833
-0.20102811270766613
-0.24310403855815105
-0.27811569770768974
-0.25687821676547734
-0.2571961297734179
-0.10951923847552635
-0.3650726233328418
-0.11048196318820615
-0.06681317206417597
-0.4517875916419769
-0.11985705176496617
-0.04038954478939398
-0.2476196028183746
-0.24210283014684317
-0.19732391390608092
-0.16302766802147467
-0.03994372302092034
-0.4384373258540391
-0.6262063717122849
-0.03215926220211688
-0.5743693910872893
-0.1523141808997295
-0.20985888684725426
-0.022223364262915594
-0.14075563401744967
-0.013134327462696237
-0.33316707561658027
-0.24334661602762547
-0.19046869919035178
-0.05510575345787771
-0.20976339366472987
-0.3239837342055571
-0.35859336302697253
-0.24021667461203272
-0.04944352105548011
-0.04206344378174133
-0.05051842871515813
-0.1871137111323789
-0.02119991580932765
-0.035840035077141966
-0.615129860435912
-0.3507251753990169
-0.3362965752354239
-0.3636037961823984
-0.17474731644182845
-0.19265878737322167
-0.3413347030432957
-0.09313793252429198
-0.7568640895861348
-0.17130940210772336
-0.24239002717023925
-0.615129860435912
-0.3507251753990169
-0.3362965752354239
-0.3636037961823984
-0.17474731644182845
-0.19265878737322167
-0.3413347030432957
-0.09313793252429198
-0.7568640895861348
-0.17130940210772336
-0.24239002717023925
-0.24597193354465724
-0.1711610005629228
-0.01335928492277107
-0.1995788116547533
-0.041834540701322226
-0.3161241019527485
-0.38611190504153803
-0.06490333693505046
-0.036114310384994956
-0.18307949998541734
-0.16586701684764066
-0.15761693830627266
-0.30949461171504555
-0.17176259801065996
-0.11271996671944434
-0.07728900279726976
-0.10996566106395422
-0.054624789572977984
-0.2258061382428363
-0.2698795033800862
-0.29634960039059083
-0.2539694685112863
-0.6159976225475462
-0.3519542354028769
-0.3362245552129718
-0.36456421489209456
-0.16268808800290183
-0.19276876349128066
-0.32807321351078766
-0.09854617649926843
-0.6159976225475462
-0.3519542354028769
-0.3362245552129718
-0.36456421489209456
-0.16268808800290183
-0.19276876349128066
-0.32807321351078766
-0.09854617649926843
-0.6861890675412704
-0.1714445906723992
-0.2435133773491117
-0.2472162378517184
-0.13886879037684152
-0.013523520607926559
-0.20069730226839758
-0.04240424270004011
-0.3563363826516345
-0.35056406799581846
-0.06912205942883963
-0.03907955481286966
-0.18379325907611335
-0.16109792498660563
-0.16094761524009085
-0.2966281199061395
-0.1682317528383576
-0.10679089212866485
-0.08269468977257016
-0.08793887076969978
-0.06045513343806572
-0.1851424608634433
-0.2239570264897004
-0.2692505918073588
-0.25642505825409706
-0.2581593023060801
-0.09711426482513374
-0.35867591868156695
-0.107745829560828
-0.06519255565716764
-0.4468396847429487
-0.12129645702355268
-0.04101095235208152
-0.2353077412042842
-0.23749257793016978
-0.21956717441366141
-0.15218501686640332
-0.037771013732840385
-0.4340166111205415
-0.6263823332623312
-0.03452520350520347
-0.5583471196594156
-0.15067706618512525
-0.2016774337733603
-0.020563615568062597
-0.13631879762858387
-0.01335139532898731
-0.2648039566709752
-0.22077694265144548
-0.17627815722422083
-0.04991080974453794
-0.19091827349062584
-0.6176767426343528
-0.3510924036570763
-0.33260171476541184
-0.36474628894805605
-0.0986999662729975
-0.18903733468291922
-0.18781991449187144
-0.07975794871345142
-0.771663136120308
-0.16122239571507696
-0.24225544963374643
-0.2881547565213943
-0.10678225903474454
-0.03112245647094068
-0.20243970967627906
-0.04674383431872755
-0.6778310271579623
-0.45467508608008594
-0.09356982125361117
-0.05278149810923559
-0.2162275368653724
-0.16239153265916575
-0.60124429211752
-0.615129860435912
-0.3507251753990169
-0.3362965752354239
-0.3636037961823984
-0.6159976225475462
-0.3519542354028769
-0.3362245552129718
-0.36456421489209456
-0.16268808800290183
-0.6241353440446263
-0.3423605866421382
-0.33426776241633005
-0.37758872781673797
-0.09867195344004359
-0.6161588542804473
-0.35184701548103914
-0.3362997175321177
-0.3646547399114783
-0.16190830564977926
-0.19264450141335668
-0.32665901956122534
-0.09801675305460014
-0.473421393539129
-0.36629953386760555
-0.32530222213364646
-0.2730629188552739
-0.09952650232437837
-0.6171217541311674
-0.6171217541311674
-0.6171217541311674
-0.349908139128664
-0.33271096949791124
-0.36542936941930015
-0.6171217541311674
-0.349908139128664
-0.33271096949791124
-0.36542936941930015
-0.6176767426343528
-0.3510924036570763
-0.33260171476541184
-0.36474628894805605
-0.6159976225475462
-0.3519542354028769
-0.3362245552129718
-0.36456421489209456
-0.6161588542804473
-0.35184701548103914
-0.3362997175321177
-0.3646547399114783
-0.6171217541311674
-0.349908139128664
-0.33271096949791124
-0.36542936941930015
-0.0986242048031874
-0.6171217541311674
-0.349908139128664
-0.33271096949791124
-0.6171217541311674
-0.6171217541311674
-0.349908139128664
-0.33271096949791124
-0.36542936941930015
-0.0986242048031874
-0.18934468084650044
-0.1847309651701438
-0.07831799439140788
-0.772894839324889
-0.16211007297945587
-0.24228433740383776
-0.28884062898337426
-0.09926949646266962
-0.032723497854814175
