Epoch	AverageEpRet	StdEpRet	MaxEpRet	MinEpRet	EpLen	AverageVVals	StdVVals	MaxVVals	MinVVals	TotalEnvInteracts	LossPi	LossV	DeltaLossPi	DeltaLossV	Entropy	KL	ClipFrac	StopIter	Time
0	-201.76491	45.48076	-130.58846	-249.17027	500.0	0.03603714	0.13275687	0.5048269	-0.49415264	2000	-6.4253804e-08	1365.8782	-0.09076834	-163.0564	0.9189396	-0.0027686297	0.379	79.0	41.167792081832886
1	-162.95618	33.168964	-109.686615	-200.28047	500.0	-2.528695	0.46537006	-1.1353456	-4.143148	4000	-1.4185906e-08	783.3608	-0.103027076	-96.4848	0.91220725	0.008287179	0.408	79.0	80.06348514556885
2	-135.9722	32.486767	-91.05336	-181.36946	500.0	-4.6151347	0.8324832	-1.9498236	-7.793009	6000	-4.1991473e-08	480.2962	-0.104040325	-55.868805	0.8913755	0.008233877	0.4185	79.0	119.83422803878784
3	-87.67241	11.830546	-78.660164	-108.00123	500.0	-6.251492	1.151624	-2.6227653	-9.9674	8000	2.7179718e-08	246.23737	-0.07804693	-13.3063965	0.87819093	0.0151028	0.256	42.0	162.42915987968445
4	-142.96486	49.4294	-76.708626	-203.89497	500.0	-7.0806518	1.3120768	-3.1592066	-11.918732	10000	7.450581e-09	492.70035	-0.09671186	-59.45575	0.8774262	0.0010931358	0.4145	79.0	202.91535902023315
5	-120.31123	20.052788	-100.764404	-151.88951	500.0	-8.914774	1.5687054	-3.03054	-14.323751	12000	4.4047834e-08	278.12308	-0.1043124	-38.79457	0.86235154	-0.0021962484	0.447	79.0	242.1360821723938
6	-97.45044	36.511086	-38.877476	-131.8782	500.0	-10.475243	1.9370277	-4.1651263	-17.059504	14000	5.066395e-10	129.63962	-0.10295661	-8.048134	0.84830934	0.015091911	0.414	72.0	279.91928219795227
7	-95.83489	32.856922	-62.63991	-145.43948	500.0	-11.089416	2.0423713	-4.7796335	-20.48959	16000	-1.6063451e-08	173.99869	-0.10392726	-9.140549	0.8232694	0.011867209	0.442	79.0	321.0682301521301
8	-85.872	18.08196	-63.867355	-108.98133	500.0	-11.839576	2.1667066	-4.579273	-19.153706	18000	6.7055224e-09	130.12694	-0.08289883	-1.4916534	0.81173146	0.015549749	0.2935	34.0	361.85827803611755
9	-70.659966	32.71255	-22.439037	-102.18665	500.0	-12.162182	2.1928687	-4.8867173	-20.019035	20000	-1.0043383e-08	94.71623	-0.09301166	-1.8471832	0.80318284	0.015404788	0.361	53.0	399.8370952606201
10	-75.16701	37.522808	-14.013525	-108.37609	500.0	-12.050254	2.1914256	-4.5060344	-21.623987	22000	-1.4990569e-08	134.24232	-0.085863836	-2.181717	0.78686905	0.015290214	0.3225	41.0	439.5425660610199
11	-50.16559	22.672615	-19.97517	-77.2836	500.0	-12.039308	2.237308	-4.932552	-21.346136	24000	2.5302171e-08	102.78851	-0.08245832	-9.893257	0.7738795	0.015299331	0.3155	41.0	476.28486800193787
12	-51.824806	31.547787	-11.052855	-83.57207	500.0	-11.085332	2.0305269	-4.0287547	-18.121351	26000	6.7949295e-09	89.17564	-0.086385	-2.6713104	0.75432277	0.015588802	0.332	45.0	514.3487401008606
13	-47.34294	37.503666	-20.603607	-111.91636	500.0	-10.612603	2.0137024	-3.2240374	-18.28438	28000	1.6838312e-09	99.29188	-0.08539332	-3.4825516	0.74360853	0.015213378	0.3195	39.0	553.9094021320343
14	-79.35801	10.560938	-64.67809	-90.69083	500.0	-10.096828	1.9065901	-3.619083	-17.157255	30000	-1.8328429e-08	66.64254	-0.08705201	-6.325657	0.727726	0.015012376	0.316	38.0	592.3746020793915
15	-56.236523	50.406773	0.2956827	-121.797424	500.0	-11.045701	2.0710652	-4.031354	-18.257973	32000	3.385544e-08	145.0854	-0.07210787	-1.828659	0.71634084	0.015176848	0.227	30.0	633.4350690841675
16	-27.02231	45.684544	21.990051	-79.91356	500.0	-10.679772	2.0202622	-5.1818585	-17.976696	34000	1.3923272e-08	124.50492	-0.09328479	-13.379028	0.70717144	0.015372175	0.354	45.0	671.8304381370544
17	-41.1202	20.6834	-12.7813015	-67.3184	500.0	-9.472561	1.8502204	-3.8789716	-17.135689	36000	-6.5714123e-09	107.69738	-0.083275594	-6.3203735	0.6966241	0.015085221	0.3085	40.0	711.3923819065094
18	-32.2638	32.31279	16.878593	-73.00571	500.0	-8.694392	1.8100723	-3.5356193	-16.056696	38000	2.1338463e-08	96.244514	-0.07782486	-6.795761	0.68356884	0.015901292	0.268	34.0	751.6906821727753
19	-46.778934	33.67186	-4.489175	-93.807785	500.0	-7.8492627	1.6837398	-3.173606	-13.9079	40000	-6.645918e-09	76.837135	-0.08252513	-1.8268585	0.66852075	0.01525872	0.3155	37.0	791.2164669036865
20	-54.018036	45.8034	9.74314	-105.33149	500.0	-7.501334	1.717495	-2.6938262	-12.567935	42000	2.449751e-08	145.34155	-0.09333877	-2.9816742	0.66068023	0.015107048	0.395	49.0	830.0201940536499
21	-61.004814	10.613884	-43.36475	-71.669624	500.0	-7.838116	1.8089601	-2.2966712	-14.432208	44000	-9.536744e-10	66.23403	-0.08524537	-1.7361603	0.65245897	0.015038408	0.312	38.0	868.8989651203156
22	-28.64001	43.672993	38.790863	-72.509995	500.0	-8.198125	2.0848298	-1.8529298	-15.326212	46000	1.0490417e-08	178.563	-0.07026846	-18.911331	0.64637256	0.015460249	0.2215	29.0	907.5363309383392
23	-61.194294	20.146759	-34.527752	-82.29016	500.0	-6.7036543	1.7565479	-1.8065404	-12.985895	48000	6.109476e-09	82.13123	-0.078208715	-6.4936676	0.63917345	0.015199049	0.286	37.0	945.5667572021484
24	-72.89138	20.375566	-53.235825	-102.76123	500.0	-8.018064	2.0801291	-0.65252364	-15.398118	50000	2.8550625e-08	85.42926	-0.08111023	-9.309822	0.62905836	0.015768694	0.295	34.0	983.5971460342407
25	-34.50312	46.924484	5.8632374	-112.70471	500.0	-8.731043	2.1143744	-2.8467531	-15.854477	52000	9.424984e-10	154.3114	-0.09203288	-11.223221	0.61689377	0.015267079	0.3575	43.0	1024.3775322437286
