(64_w,128)-aCMA-ES (mu_w=34.2,w_1=6%) in dimension 3072 (seed=476549, Tue Sep 29 19:43:44 2020)
Iterat #Fevals   function value  axis ratio  sigma  min&max std  t[m:s]
    1    128 5.035065961863477e-01 1.0e+00 9.90e-01  1e+00  1e+00 7:00.5
    2    256 2.206550759242183e-01 1.0e+00 9.81e-01  1e+00  1e+00 13:09.8
    3    384 2.989847619678632e-01 1.0e+00 9.73e-01  1e+00  1e+00 19:19.9
    4    512 1.443191694966822e-01 1.0e+00 9.65e-01  1e+00  1e+00 25:37.4
    5    640 2.076873192776722e-01 1.0e+00 9.58e-01  1e+00  1e+00 31:40.0
    6    768 1.562998686887076e-01 1.0e+00 9.51e-01  1e+00  1e+00 37:58.5
    7    896 1.300392669707173e-01 1.0e+00 9.44e-01  9e-01  9e-01 44:11.1
    8   1024 1.345499533303605e-01 1.0e+00 9.38e-01  9e-01  9e-01 50:21.1
    9   1152 6.739855409328786e-02 1.0e+00 9.32e-01  9e-01  9e-01 56:35.5
   10   1280 1.357733871381245e-01 1.0e+00 9.26e-01  9e-01  9e-01 62:46.5
   11   1408 8.971563730056625e-02 1.0e+00 9.21e-01  9e-01  9e-01 69:13.9
   12   1536 4.893261940932497e-02 1.0e+00 9.15e-01  9e-01  9e-01 75:26.3
   13   1664 4.452853815815239e-02 1.0e+00 9.10e-01  9e-01  9e-01 81:31.0
   14   1792 8.944570176941966e-02 1.0e+00 9.05e-01  9e-01  9e-01 87:36.8
   15   1920 9.774168505789316e-02 1.0e+00 9.00e-01  9e-01  9e-01 93:48.9
   16   2048 5.423515027074757e-02 1.0e+00 8.96e-01  9e-01  9e-01 100:16.1
   17   2176 9.618514082500956e-03 1.0e+00 8.91e-01  9e-01  9e-01 106:27.4
   18   2304 2.955864249170275e-02 1.0e+00 8.87e-01  9e-01  9e-01 112:40.8
   19   2432 4.187292351665386e-02 1.0e+00 8.83e-01  9e-01  9e-01 119:01.5
   20   2560 4.632351064497101e-02 1.0e+00 8.79e-01  9e-01  9e-01 125:22.5
   21   2688 4.644621042693350e-02 1.0e+00 8.76e-01  9e-01  9e-01 129:39.1
   22   2816 2.725652959436049e-02 1.0e+00 8.72e-01  9e-01  9e-01 133:36.2
   23   2944 2.750979915328282e-02 1.0e+00 8.69e-01  9e-01  9e-01 137:40.0
   24   3072 2.452020421110069e-02 1.0e+00 8.65e-01  9e-01  9e-01 141:40.2
   25   3200 2.440291941601654e-02 1.0e+00 8.62e-01  9e-01  9e-01 145:37.0
   26   3328 6.356969885088123e-02 1.0e+00 8.59e-01  9e-01  9e-01 149:42.0
   27   3456 -3.315420277477837e-02 1.0e+00 8.56e-01  9e-01  9e-01 153:38.3
   28   3584 1.588634743790880e-02 1.0e+00 8.53e-01  9e-01  9e-01 157:33.8
   29   3712 -3.428077744685473e-02 1.0e+00 8.50e-01  9e-01  9e-01 161:35.4
   30   3840 -8.330746452003261e-03 1.0e+00 8.47e-01  8e-01  8e-01 165:32.5
   31   3968 -3.133968841705906e-02 1.0e+00 8.45e-01  8e-01  8e-01 169:40.8
   32   4096 2.726090638500794e-03 1.0e+00 8.42e-01  8e-01  8e-01 173:41.4
   33   4224 -2.995891475475052e-02 1.0e+00 8.40e-01  8e-01  8e-01 177:41.1
   34   4352 -2.952330512932756e-02 1.0e+00 8.37e-01  8e-01  8e-01 181:40.1
   35   4480 -4.070780729804797e-02 1.0e+00 8.35e-01  8e-01  8e-01 185:39.2
   36   4608 -1.938206403084591e-03 1.0e+00 8.32e-01  8e-01  8e-01 189:47.6
   37   4736 -3.890350241128090e-02 1.0e+00 8.30e-01  8e-01  8e-01 193:49.5
   38   4864 -7.102688973402056e-02 1.0e+00 8.28e-01  8e-01  8e-01 197:51.3
   39   4992 -6.373598336682207e-02 1.0e+00 8.26e-01  8e-01  8e-01 201:50.7
   40   5120 -7.302307579918696e-02 1.0e+00 8.24e-01  8e-01  8e-01 205:53.0
   41   5248 -8.573140788194654e-02 1.0e+00 8.22e-01  8e-01  8e-01 210:48.4
   42   5376 -5.780998637229082e-02 1.0e+00 8.20e-01  8e-01  8e-01 215:05.2
   43   5504 -1.264892107889115e-01 1.0e+00 8.18e-01  8e-01  8e-01 219:30.3
   44   5632 -7.609071438629539e-02 1.0e+00 8.16e-01  8e-01  8e-01 223:58.2
   45   5760 -7.557101196494603e-02 1.0e+00 8.14e-01  8e-01  8e-01 228:26.1
   46   5888 -1.121265557355296e-01 1.0e+00 8.13e-01  8e-01  8e-01 232:59.1
   47   6016 -6.947425042718557e-02 1.0e+00 8.11e-01  8e-01  8e-01 237:26.5
   48   6144 -8.850874826668161e-02 1.0e+00 8.09e-01  8e-01  8e-01 241:51.3
   49   6272 -4.579797851638404e-02 1.0e+00 8.07e-01  8e-01  8e-01 246:15.2
   50   6400 -9.970666396979429e-02 1.0e+00 8.06e-01  8e-01  8e-01 250:40.5
   51   6528 -1.070119184315442e-01 1.0e+00 8.04e-01  8e-01  8e-01 255:16.5
   52   6656 -1.817136130642049e-01 1.0e+00 8.03e-01  8e-01  8e-01 259:40.9
   53   6784 -1.208620099515245e-01 1.0e+00 8.01e-01  8e-01  8e-01 264:07.6
   54   6912 -7.835722349916545e-02 1.0e+00 8.00e-01  8e-01  8e-01 268:32.1
   55   7040 -1.919684802378641e-01 1.0e+00 7.98e-01  8e-01  8e-01 272:58.5
   56   7168 -1.132686695065435e-01 1.0e+00 7.97e-01  8e-01  8e-01 277:32.7
   57   7296 -8.502912840434601e-02 1.0e+00 7.96e-01  8e-01  8e-01 281:58.5
   58   7424 -1.026951567924679e-01 1.0e+00 7.94e-01  8e-01  8e-01 286:23.6
   59   7552 -1.128648508611756e-01 1.0e+00 7.93e-01  8e-01  8e-01 290:45.9
   60   7680 -1.238579791989406e-01 1.0e+00 7.92e-01  8e-01  8e-01 295:09.9
   61   7808 -8.730834022198344e-02 1.0e+00 7.91e-01  8e-01  8e-01 299:22.5
   62   7936 -1.932031148038126e-01 1.0e+00 7.90e-01  8e-01  8e-01 303:21.2
   63   8064 -2.089546379226658e-01 1.0e+00 7.89e-01  8e-01  8e-01 307:20.6
   64   8192 -9.633060095310478e-02 1.0e+00 7.88e-01  8e-01  8e-01 311:20.8
   65   8320 -1.416250383958704e-01 1.0e+00 7.87e-01  8e-01  8e-01 315:32.3
   66   8448 -1.106145231665480e-01 1.0e+00 7.86e-01  8e-01  8e-01 319:36.5
   67   8576 -1.215320584815545e-01 1.0e+00 7.85e-01  8e-01  8e-01 323:44.7
   68   8704 -1.670094686116935e-01 1.0e+00 7.84e-01  8e-01  8e-01 327:44.8
   69   8832 -1.647335461609792e-01 1.0e+00 7.83e-01  8e-01  8e-01 331:54.1
   70   8960 -1.242406850845282e-01 1.0e+00 7.82e-01  8e-01  8e-01 335:55.1
   71   9088 -1.192720243362919e-01 1.0e+00 7.81e-01  8e-01  8e-01 340:09.8
   72   9216 -1.222672402526137e-01 1.0e+00 7.80e-01  8e-01  8e-01 344:13.0
   73   9344 -1.230760909128784e-01 1.0e+00 7.80e-01  8e-01  8e-01 348:14.6
   74   9472 -2.505136683622079e-01 1.0e+00 7.79e-01  8e-01  8e-01 352:18.3
   75   9600 -1.588877643645729e-01 1.0e+00 7.78e-01  8e-01  8e-01 356:19.2
   76   9728 -2.395386639354934e-01 1.0e+00 7.78e-01  8e-01  8e-01 360:32.8
   77   9856 -1.361318234420653e-01 1.0e+00 7.77e-01  8e-01  8e-01 364:36.8
   78   9984 -1.033834582405751e-01 1.0e+00 7.76e-01  8e-01  8e-01 368:33.4
   79  10112 -1.067709810729799e-01 1.0e+00 7.76e-01  8e-01  8e-01 372:38.3
   80  10240 -2.181294357250865e-01 1.0e+00 7.75e-01  8e-01  8e-01 376:46.6
   81  10368 -1.674949232776063e-01 1.0e+00 7.74e-01  8e-01  8e-01 381:03.1
   82  10496 -1.159786270883062e-01 1.0e+00 7.74e-01  8e-01  8e-01 385:11.6
   83  10624 -1.770017241281813e-01 1.0e+00 7.73e-01  8e-01  8e-01 389:10.9
   84  10752 -1.874760636691867e-01 1.0e+00 7.73e-01  8e-01  8e-01 393:14.7
   85  10880 -2.369401941529700e-01 1.0e+00 7.72e-01  8e-01  8e-01 397:16.1
   86  11008 -2.123294073921868e-01 1.0e+00 7.72e-01  8e-01  8e-01 401:27.2
   87  11136 -1.462002144776988e-01 1.0e+00 7.71e-01  8e-01  8e-01 405:29.3
   88  11264 -2.101164970952376e-01 1.0e+00 7.71e-01  8e-01  8e-01 409:35.2
   89  11392 -1.390136180386495e-01 1.0e+00 7.70e-01  8e-01  8e-01 413:35.8
   90  11520 -2.009148583774375e-01 1.0e+00 7.69e-01  8e-01  8e-01 417:37.1
   91  11648 -2.597948008064495e-01 1.0e+00 7.69e-01  8e-01  8e-01 421:52.1
   92  11776 -1.659462047331458e-01 1.0e+00 7.68e-01  8e-01  8e-01 425:59.7
   93  11904 -2.400115527600359e-01 1.0e+00 7.68e-01  8e-01  8e-01 430:08.0
   94  12032 -1.868646162770367e-01 1.0e+00 7.67e-01  8e-01  8e-01 434:11.2
   95  12160 -2.775646883030333e-01 1.0e+00 7.67e-01  8e-01  8e-01 438:17.0
   96  12288 -2.236919110479185e-01 1.0e+00 7.67e-01  8e-01  8e-01 442:34.8
   97  12416 -1.818410204275530e-01 1.0e+00 7.66e-01  8e-01  8e-01 446:42.1
   98  12544 -2.581669433276896e-01 1.0e+00 7.66e-01  8e-01  8e-01 450:48.5
   99  12672 -1.942948084317917e-01 1.0e+00 7.65e-01  8e-01  8e-01 454:52.6
  100  12800 -1.673125486071391e-01 1.0e+00 7.65e-01  8e-01  8e-01 458:56.2
  101  12928 -1.626047457198309e-01 1.0e+00 7.65e-01  8e-01  8e-01 463:12.7
  102  13056 -2.663937911805955e-01 1.0e+00 7.64e-01  8e-01  8e-01 467:16.8
  103  13184 -1.489823640175659e-01 1.0e+00 7.64e-01  8e-01  8e-01 471:26.8
  104  13312 -2.418198931756834e-01 1.0e+00 7.64e-01  8e-01  8e-01 475:31.6
  105  13440 -2.260041128819329e-01 1.0e+00 7.63e-01  8e-01  8e-01 479:34.0
  106  13568 -3.344359593748094e-01 1.0e+00 7.63e-01  8e-01  8e-01 483:49.5
  107  13696 -1.764366514084563e-01 1.0e+00 7.63e-01  8e-01  8e-01 487:49.2
  108  13824 -2.550945274615504e-01 1.0e+00 7.62e-01  8e-01  8e-01 491:47.9
  109  13952 -1.753648533848423e-01 1.0e+00 7.62e-01  8e-01  8e-01 495:48.7
  110  14080 -1.973354805138275e-01 1.0e+00 7.62e-01  8e-01  8e-01 499:45.9
  111  14208 -2.477267343058688e-01 1.0e+00 7.61e-01  8e-01  8e-01 503:55.1
  112  14336 -2.840564900944175e-01 1.0e+00 7.61e-01  8e-01  8e-01 507:56.5
  113  14464 -2.073572309711089e-01 1.0e+00 7.61e-01  8e-01  8e-01 511:55.0
  114  14592 -3.403814133569279e-01 1.0e+00 7.60e-01  8e-01  8e-01 515:55.6
  115  14720 -2.239067109141434e-01 1.0e+00 7.60e-01  8e-01  8e-01 519:53.7
  116  14848 -2.396318778089962e-01 1.0e+00 7.60e-01  8e-01  8e-01 523:57.8
  117  14976 -2.337855851727750e-01 1.0e+00 7.59e-01  8e-01  8e-01 527:57.9
  118  15104 -2.093242771134953e-01 1.0e+00 7.59e-01  8e-01  8e-01 531:57.1
  119  15232 -2.690932236608685e-01 1.0e+00 7.59e-01  8e-01  8e-01 535:57.0
  120  15360 -2.412337947204590e-01 1.0e+00 7.58e-01  8e-01  8e-01 540:01.4
  121  15488 -2.499444305375735e-01 1.0e+00 7.58e-01  8e-01  8e-01 544:16.6
  122  15616 -2.436810998940085e-01 1.0e+00 7.58e-01  8e-01  8e-01 548:18.6
  123  15744 -2.985116670752014e-01 1.0e+00 7.58e-01  8e-01  8e-01 552:20.2
  124  15872 -2.608980406578154e-01 1.0e+00 7.57e-01  8e-01  8e-01 556:25.3
  125  16000 -2.539840073921817e-01 1.0e+00 7.57e-01  8e-01  8e-01 560:34.2
  126  16128 -3.362767443646276e-01 1.0e+00 7.57e-01  8e-01  8e-01 564:47.9
  127  16256 -2.580055133339199e-01 1.0e+00 7.57e-01  8e-01  8e-01 568:55.2
  128  16384 -2.669719207789579e-01 1.0e+00 7.56e-01  8e-01  8e-01 572:55.5
  129  16512 -2.027555045470248e-01 1.0e+00 7.56e-01  8e-01  8e-01 576:58.9
  130  16640 -2.144447075547106e-01 1.0e+00 7.56e-01  8e-01  8e-01 581:06.0
  131  16768 -3.088931484209651e-01 1.0e+00 7.56e-01  8e-01  8e-01 585:18.6
  132  16896 -2.828570937516143e-01 1.0e+00 7.55e-01  8e-01  8e-01 589:18.7
  133  17024 -3.549392921630032e-01 1.0e+00 7.55e-01  8e-01  8e-01 593:19.9
  134  17152 -2.628342490290559e-01 1.0e+00 7.55e-01  8e-01  8e-01 597:24.7
  135  17280 -2.525226830413627e-01 1.0e+00 7.55e-01  8e-01  8e-01 601:26.7
  136  17408 -2.494804932026682e-01 1.0e+00 7.55e-01  8e-01  8e-01 605:38.0
  137  17536 -2.780485260875107e-01 1.0e+00 7.54e-01  8e-01  8e-01 609:43.4
  138  17664 -3.024877223732539e-01 1.0e+00 7.54e-01  8e-01  8e-01 613:47.7
  139  17792 -3.360765667054863e-01 1.0e+00 7.54e-01  8e-01  8e-01 617:52.1
  140  17920 -2.518423662670426e-01 1.0e+00 7.54e-01  8e-01  8e-01 621:50.2
  141  18048 -3.068483540499001e-01 1.0e+00 7.54e-01  8e-01  8e-01 625:53.8
  142  18176 -2.617268229829106e-01 1.0e+00 7.54e-01  8e-01  8e-01 629:46.6
  143  18304 -2.264429154471405e-01 1.0e+00 7.53e-01  8e-01  8e-01 633:38.3
  144  18432 -2.172854074898729e-01 1.0e+00 7.53e-01  8e-01  8e-01 637:29.5
  145  18560 -2.731599696086929e-01 1.0e+00 7.53e-01  8e-01  8e-01 641:20.3
  146  18688 -2.635209255592336e-01 1.0e+00 7.53e-01  8e-01  8e-01 645:21.2
  147  18816 -2.977240599787491e-01 1.0e+00 7.53e-01  8e-01  8e-01 649:10.4
  148  18944 -2.892374237896875e-01 1.0e+00 7.53e-01  8e-01  8e-01 653:01.0
  149  19072 -2.361176164059194e-01 1.0e+00 7.52e-01  8e-01  8e-01 656:49.6
  150  19200 -3.019476238956346e-01 1.0e+00 7.52e-01  8e-01  8e-01 660:40.4
  151  19328 -2.250762398206470e-01 1.0e+00 7.52e-01  8e-01  8e-01 664:41.4
  152  19456 -2.421253412906029e-01 1.0e+00 7.52e-01  8e-01  8e-01 668:30.9
  153  19584 -3.063029527861589e-01 1.0e+00 7.52e-01  8e-01  8e-01 672:17.6
  154  19712 -3.025987279766464e-01 1.0e+00 7.52e-01  8e-01  8e-01 676:08.5
  155  19840 -2.885243668276712e-01 1.0e+00 7.52e-01  8e-01  8e-01 679:57.4
  156  19968 -2.589325867483480e-01 1.0e+00 7.52e-01  8e-01  8e-01 683:54.7
  157  20096 -3.565185528575431e-01 1.0e+00 7.52e-01  8e-01  8e-01 687:44.6
  158  20224 -2.689088663889356e-01 1.0e+00 7.52e-01  8e-01  8e-01 691:32.1
  159  20352 -3.153624306994908e-01 1.0e+00 7.52e-01  8e-01  8e-01 695:21.2
  160  20480 -2.750080097555176e-01 1.0e+00 7.52e-01  8e-01  8e-01 699:09.4
  161  20608 -2.843833899733904e-01 1.0e+00 7.52e-01  8e-01  8e-01 703:14.0
  162  20736 -2.909460038492545e-01 1.0e+00 7.52e-01  8e-01  8e-01 707:02.5
  163  20864 -3.565836457905007e-01 1.0e+00 7.52e-01  8e-01  8e-01 710:49.5
  164  20992 -3.591494713146478e-01 1.0e+00 7.52e-01  8e-01  8e-01 714:38.1
  165  21120 -3.635138390284525e-01 1.0e+00 7.52e-01  8e-01  8e-01 718:27.2
  166  21248 -2.352921157372731e-01 1.0e+00 7.52e-01  8e-01  8e-01 722:25.6
  167  21376 -2.951243142583620e-01 1.0e+00 7.52e-01  8e-01  8e-01 726:14.1
  168  21504 -3.726207990742157e-01 1.0e+00 7.52e-01  8e-01  8e-01 730:05.4
  169  21632 -2.641441939132597e-01 1.0e+00 7.52e-01  8e-01  8e-01 733:58.2
  170  21760 -2.952366456469546e-01 1.0e+00 7.52e-01  8e-01  8e-01 737:48.1
  171  21888 -3.016457370510734e-01 1.0e+00 7.52e-01  8e-01  8e-01 741:50.8
  172  22016 -2.912028359548754e-01 1.0e+00 7.52e-01  8e-01  8e-01 745:42.1
  173  22144 -3.719310827541613e-01 1.0e+00 7.52e-01  8e-01  8e-01 749:29.5
  174  22272 -2.813921799130625e-01 1.0e+00 7.52e-01  8e-01  8e-01 753:17.0
  175  22400 -3.165394601925534e-01 1.0e+00 7.52e-01  8e-01  8e-01 757:06.5
  176  22528 -2.917917267869952e-01 1.0e+00 7.52e-01  8e-01  8e-01 761:06.7
  177  22656 -4.044137614686004e-01 1.0e+00 7.52e-01  8e-01  8e-01 765:02.0
  178  22784 -3.184134566734644e-01 1.0e+00 7.52e-01  8e-01  8e-01 768:57.1
  179  22912 -3.070779144163092e-01 1.0e+00 7.52e-01  8e-01  8e-01 772:50.8
  180  23040 -3.575300092300218e-01 1.0e+00 7.52e-01  8e-01  8e-01 776:47.3
  181  23168 -2.488200095516576e-01 1.0e+00 7.52e-01  8e-01  8e-01 780:59.8
  182  23296 -2.741699365306178e-01 1.0e+00 7.52e-01  8e-01  8e-01 785:01.5
  183  23424 -3.123076467783250e-01 1.0e+00 7.52e-01  8e-01  8e-01 788:55.5
  184  23552 -4.138301957416370e-01 1.0e+00 7.52e-01  8e-01  8e-01 792:51.2
  185  23680 -3.329471411958723e-01 1.0e+00 7.52e-01  8e-01  8e-01 796:53.8
  186  23808 -3.147952949135801e-01 1.0e+00 7.52e-01  8e-01  8e-01 800:56.5
  187  23936 -2.875270152520470e-01 1.0e+00 7.52e-01  8e-01  8e-01 804:59.5
  188  24064 -2.776266312381317e-01 1.0e+00 7.52e-01  8e-01  8e-01 808:56.8
  189  24192 -3.039980682780907e-01 1.0e+00 7.52e-01  8e-01  8e-01 812:50.3
  190  24320 -2.842713040052325e-01 1.0e+00 7.52e-01  8e-01  8e-01 816:50.3
  191  24448 -2.699634547576735e-01 1.0e+00 7.52e-01  8e-01  8e-01 820:59.5
  192  24576 -3.567538518436819e-01 1.0e+00 7.52e-01  8e-01  8e-01 824:57.3
  193  24704 -3.071853928482230e-01 1.0e+00 7.52e-01  8e-01  8e-01 828:52.8
  194  24832 -2.261447828441024e-01 1.0e+00 7.52e-01  8e-01  8e-01 832:53.3
  195  24960 -3.795652577935910e-01 1.0e+00 7.52e-01  8e-01  8e-01 836:53.4
  196  25088 -3.027763637501911e-01 1.0e+00 7.52e-01  8e-01  8e-01 841:01.5
  197  25216 -2.562188058363829e-01 1.0e+00 7.52e-01  8e-01  8e-01 844:57.9
  198  25344 -3.475936380768384e-01 1.0e+00 7.52e-01  8e-01  8e-01 848:51.4
  199  25472 -2.987932529904276e-01 1.0e+00 7.52e-01  8e-01  8e-01 852:44.1
  200  25600 -2.572721248160034e-01 1.0e+00 7.52e-01  8e-01  8e-01 856:42.1
  201  25728 -3.024519328824644e-01 1.0e+00 7.52e-01  8e-01  8e-01 860:53.4
  202  25856 -3.051003523935985e-01 1.0e+00 7.52e-01  8e-01  8e-01 864:52.3
  203  25984 -3.156107427866894e-01 1.0e+00 7.52e-01  8e-01  8e-01 868:48.2
  204  26112 -2.616565076324842e-01 1.0e+00 7.52e-01  8e-01  8e-01 872:43.6
  205  26240 -3.404632711513457e-01 1.0e+00 7.52e-01  8e-01  8e-01 876:40.7
  206  26368 -3.424519888743484e-01 1.0e+00 7.52e-01  8e-01  8e-01 880:46.5
  207  26496 -3.350526219110035e-01 1.0e+00 7.52e-01  8e-01  8e-01 884:45.7
  208  26624 -3.481835656606957e-01 1.0e+00 7.52e-01  8e-01  8e-01 888:40.9
  209  26752 -2.858935126882292e-01 1.0e+00 7.52e-01  8e-01  8e-01 892:35.5
  210  26880 -4.705563994353513e-01 1.0e+00 7.52e-01  8e-01  8e-01 896:32.1
  211  27008 -2.919824578723068e-01 1.0e+00 7.52e-01  8e-01  8e-01 900:42.5
  212  27136 -2.859096128126761e-01 1.0e+00 7.52e-01  8e-01  8e-01 904:41.9
  213  27264 -3.459505798967202e-01 1.0e+00 7.52e-01  8e-01  8e-01 908:43.2
  214  27392 -2.824152409557594e-01 1.0e+00 7.52e-01  8e-01  8e-01 912:43.4
  215  27520 -3.188580960089341e-01 1.0e+00 7.52e-01  8e-01  8e-01 916:38.1
  216  27648 -3.171196922744739e-01 1.0e+00 7.52e-01  8e-01  8e-01 920:43.0
  217  27776 -3.297057230679463e-01 1.0e+00 7.52e-01  8e-01  8e-01 924:40.5
  218  27904 -3.326369029299982e-01 1.0e+00 7.52e-01  8e-01  8e-01 928:38.8
  219  28032 -4.217629535375177e-01 1.0e+00 7.51e-01  8e-01  8e-01 932:39.9
  220  28160 -3.237097515353515e-01 1.0e+00 7.51e-01  8e-01  8e-01 936:35.4
  221  28288 -3.506457899336378e-01 1.0e+00 7.51e-01  8e-01  8e-01 940:45.3
  222  28416 -3.120294432131712e-01 1.0e+00 7.51e-01  8e-01  8e-01 944:43.7
  223  28544 -3.008296875318022e-01 1.0e+00 7.51e-01  8e-01  8e-01 948:38.4
  224  28672 -3.777302423479802e-01 1.0e+00 7.51e-01  8e-01  8e-01 952:33.6
  225  28800 -3.233175498101117e-01 1.0e+00 7.51e-01  8e-01  8e-01 956:33.0
  226  28928 -4.483486039307562e-01 1.0e+00 7.51e-01  8e-01  8e-01 960:37.7
  227  29056 -3.418133459769301e-01 1.0e+00 7.51e-01  8e-01  8e-01 964:35.2
  228  29184 -2.746403363523434e-01 1.0e+00 7.51e-01  8e-01  8e-01 968:42.7
  229  29312 -3.869945344649047e-01 1.0e+00 7.51e-01  8e-01  8e-01 972:38.3
  230  29440 -4.089276994008981e-01 1.0e+00 7.51e-01  8e-01  8e-01 976:41.1
  231  29568 -3.292051452914068e-01 1.0e+00 7.51e-01  8e-01  8e-01 980:53.2
  232  29696 -4.798638919845105e-01 1.0e+00 7.51e-01  8e-01  8e-01 984:47.9
  233  29824 -3.255599274771934e-01 1.0e+00 7.51e-01  8e-01  8e-01 988:48.0
  234  29952 -3.161889619412807e-01 1.0e+00 7.51e-01  8e-01  8e-01 992:42.3
  235  30080 -2.994475242724657e-01 1.0e+00 7.51e-01  8e-01  8e-01 996:37.7
  236  30208 -3.210362142477184e-01 1.0e+00 7.50e-01  8e-01  8e-01 1000:34.8
  237  30336 -3.649504571502015e-01 1.0e+00 7.50e-01  8e-01  8e-01 1004:36.8
  238  30464 -3.267196139945749e-01 1.0e+00 7.50e-01  8e-01  8e-01 1008:37.5
  239  30592 -3.455633746339165e-01 1.0e+00 7.50e-01  8e-01  8e-01 1012:38.9
  241  30848 -2.903533474913338e-01 1.0e+00 7.50e-01  7e-01  8e-01 1020:44.1
  243  31104 -2.995470242610896e-01 1.0e+00 7.50e-01  7e-01  7e-01 1028:33.8
  245  31360 -3.701951385788523e-01 1.0e+00 7.50e-01  7e-01  7e-01 1036:38.5
  246  31488 -3.242525471346839e-01 1.0e+00 7.50e-01  7e-01  7e-01 1040:42.6
  248  31744 -2.730201614126672e-01 1.0e+00 7.50e-01  7e-01  7e-01 1048:38.4
  250  32000 -3.096967083472534e-01 1.0e+00 7.49e-01  7e-01  7e-01 1056:37.4
  251  32128 -3.373759059632313e-01 1.0e+00 7.49e-01  7e-01  7e-01 1060:50.9
  253  32384 -3.274266128572407e-01 1.0e+00 7.49e-01  7e-01  7e-01 1068:49.9
  255  32640 -2.901833788854324e-01 1.0e+00 7.49e-01  7e-01  7e-01 1076:44.4
  257  32896 -2.903939512751320e-01 1.0e+00 7.49e-01  7e-01  7e-01 1084:51.9
  259  33152 -3.811705026772680e-01 1.0e+00 7.48e-01  7e-01  7e-01 1092:47.7
  261  33408 -3.932163315028651e-01 1.0e+00 7.48e-01  7e-01  7e-01 1100:51.2
  263  33664 -3.269357537025668e-01 1.0e+00 7.48e-01  7e-01  7e-01 1108:46.3
  265  33920 -3.226707068608175e-01 1.0e+00 7.48e-01  7e-01  7e-01 1116:42.3
  267  34176 -3.425409676737833e-01 1.0e+00 7.48e-01  7e-01  7e-01 1124:45.9
  269  34432 -3.962985981729364e-01 1.0e+00 7.49e-01  7e-01  7e-01 1132:40.2
  271  34688 -3.609345860218446e-01 1.0e+00 7.49e-01  7e-01  7e-01 1140:46.9
  273  34944 -3.023576405632828e-01 1.0e+00 7.49e-01  7e-01  7e-01 1148:38.9
  275  35200 -3.676678518236089e-01 1.0e+00 7.49e-01  7e-01  7e-01 1156:31.4
  277  35456 -2.633430434374279e-01 1.0e+00 7.49e-01  7e-01  7e-01 1164:36.9
  279  35712 -3.208331242491400e-01 1.0e+00 7.49e-01  7e-01  7e-01 1172:36.4
  281  35968 -3.503603900527931e-01 1.0e+00 7.49e-01  7e-01  7e-01 1180:37.9
  283  36224 -3.665250973108465e-01 1.0e+00 7.49e-01  7e-01  7e-01 1188:32.5
  285  36480 -3.464599726587906e-01 1.0e+00 7.49e-01  7e-01  7e-01 1196:30.3
  287  36736 -3.027209074155501e-01 1.0e+00 7.49e-01  7e-01  7e-01 1204:31.4
  289  36992 -2.679194860034710e-01 1.0e+00 7.49e-01  7e-01  7e-01 1212:24.5
  291  37248 -3.524820416919099e-01 1.0e+00 7.49e-01  7e-01  7e-01 1220:37.1
  293  37504 -3.019899168412060e-01 1.0e+00 7.49e-01  7e-01  7e-01 1228:38.7
  295  37760 -2.705227650786891e-01 1.0e+00 7.49e-01  7e-01  7e-01 1236:42.1
  297  38016 -3.882186782223528e-01 1.0e+00 7.49e-01  7e-01  7e-01 1244:46.8
  299  38272 -2.626224389283813e-01 1.0e+00 7.49e-01  7e-01  7e-01 1252:47.7
  300  38400 -2.842301624441628e-01 1.0e+00 7.49e-01  7e-01  7e-01 1256:45.3
  302  38656 -2.780661469867260e-01 1.0e+00 7.49e-01  7e-01  7e-01 1264:51.3
  304  38912 -3.056507953533361e-01 1.0e+00 7.49e-01  7e-01  7e-01 1272:49.9
  306  39168 -2.761749040542989e-01 1.0e+00 7.49e-01  7e-01  7e-01 1280:49.0
  308  39424 -3.249302586581869e-01 1.0e+00 7.49e-01  7e-01  7e-01 1288:44.4
  310  39680 -3.031393407982210e-01 1.0e+00 7.49e-01  7e-01  7e-01 1296:45.6
  312  39936 -3.129763411792214e-01 1.0e+00 7.49e-01  7e-01  7e-01 1304:56.7
  314  40192 -3.331840619316305e-01 1.0e+00 7.49e-01  7e-01  7e-01 1312:55.0
  316  40448 -3.098098618223055e-01 1.0e+00 7.49e-01  7e-01  7e-01 1321:06.3
  318  40704 -3.220933882658232e-01 1.0e+00 7.49e-01  7e-01  7e-01 1329:06.4
  320  40960 -3.764238345323122e-01 1.0e+00 7.49e-01  7e-01  7e-01 1337:08.6
