Epoch	AverageEpRet	StdEpRet	MaxEpRet	MinEpRet	EpLen	AverageVVals	StdVVals	MaxVVals	MinVVals	TotalEnvInteracts	LossPi	LossV	DeltaLossPi	DeltaLossV	Entropy	KL	Time
0	-301.44016	0.0	-301.44016	-301.44016	1000.0	-0.009208786	0.018751992	0.07934832	-0.057633877	1000	0.004415877	898.05664	-0.032098852	-465.3374	2.7904449	0.046247195	21.679572582244873
1	-369.12955	0.0	-369.12955	-369.12955	1000.0	-10.760293	0.282259	-6.901964	-11.372942	2000	-0.049032867	925.27386	-0.03911031	-360.99475	2.7966542	0.041091233	45.77939772605896
2	-243.9493	0.0	-243.9493	-243.9493	1000.0	-19.198078	1.2589206	-12.83365	-22.156656	3000	0.01170067	66.32644	-0.020080969	-24.512806	2.777242	0.020312266	66.39172029495239
3	-423.7382	0.0	-423.7382	-423.7382	1000.0	-21.362385	1.0940255	-14.837989	-24.611729	4000	0.044486176	544.6302	-0.011964727	-321.08258	2.7652087	0.013432576	85.85229873657227
4	-401.3651	0.0	-401.3651	-401.3651	1000.0	-33.101517	0.7474775	-21.886444	-34.836906	5000	0.0005216827	215.41078	-0.018630236	-29.885727	2.781102	0.022235764	104.59476685523987
5	-299.73517	0.0	-299.73517	-299.73517	1000.0	-36.73242	0.95033556	-23.741095	-38.61464	6000	-0.013282703	65.02919	-0.022796566	-26.550442	2.8001437	0.007025624	123.44034719467163
6	-107.555016	0.0	-107.555016	-107.555016	1000.0	-32.337513	0.8953884	-21.418535	-34.446083	7000	0.058952685	548.1265	-0.009349354	-361.41458	2.6962094	0.003807385	145.00834965705872
7	-141.93095	0.0	-141.93095	-141.93095	1000.0	-19.769245	1.0010852	-13.667782	-22.649675	8000	-0.058641907	123.255684	-0.009437118	-29.769081	2.714853	0.024102177	163.9216389656067
8	-107.690865	0.0	-107.690865	-107.690865	1000.0	-15.544113	1.019155	-12.2716255	-18.7253	9000	0.009746093	74.50001	-0.008787874	-13.616913	2.7924683	0.012432072	182.28345656394958
9	-157.28595	0.0	-157.28595	-157.28595	1000.0	-12.950678	1.0415215	-10.478178	-16.608019	10000	0.015596172	16.056776	-0.015148708	-5.281352	2.7874618	0.015601188	200.78468441963196
10	-18.850376	0.0	-18.850376	-18.850376	1000.0	-14.274559	1.1218535	-11.02293	-17.618874	11000	0.052896407	205.5062	-0.016288389	-129.15652	2.7627375	0.018506458	219.96755361557007
11	-48.900948	0.0	-48.900948	-48.900948	1000.0	-4.908427	1.3993015	-1.8777878	-11.499103	12000	-0.016655102	29.345486	-0.012617428	-1.0033321	2.7418106	0.02191392	238.27680015563965
12	-22.149368	0.0	-22.149368	-22.149368	1000.0	-3.835917	1.2541203	-1.1911055	-8.2528925	13000	-0.04384469	33.966534	-0.011402752	-1.92173	2.7673466	0.037611492	256.5928957462311
13	-67.89663	0.0	-67.89663	-67.89663	1000.0	-3.1535392	1.1853328	-0.34604436	-9.301795	14000	-0.078584135	55.01108	-0.018042408	-19.487324	2.713875	0.028846217	275.02389669418335
14	82.49331	0.0	82.49331	82.49331	1000.0	-5.449024	0.8727743	-3.4615583	-10.954513	15000	0.05951342	199.37866	-0.0070373975	-156.33492	2.713205	0.019210344	293.2912995815277
15	18.843157	0.0	18.843157	18.843157	1000.0	5.283911	1.249446	7.69784	-2.3881288	16000	0.004491373	27.483107	-0.011064323	-9.34795	2.7961407	0.019690273	314.1692531108856
16	-24.1936	0.0	-24.1936	-24.1936	1000.0	2.1980913	1.4596196	5.296801	-8.110494	17000	-0.035124477	61.975883	0.007032549	-18.636047	2.7517028	0.013858905	335.19128036499023
17	32.23708	0.0	32.23708	32.23708	1000.0	-0.7249522	1.0256852	1.1263112	-6.6635375	18000	-0.048106994	67.94169	-0.00034981593	-19.406734	2.7685444	0.012462942	355.6652343273163
18	-46.705658	0.0	-46.705658	-46.705658	1000.0	2.0989544	1.5168148	5.1190505	-5.7662945	19000	-0.03551323	115.21256	-0.0023923628	-48.155388	2.7464514	0.0055903587	374.0620424747467
19	19.014137	0.0	19.014137	19.014137	1000.0	-3.413473	1.7123964	-0.3724718	-9.046902	20000	-0.0009915266	93.36915	-0.0017650222	-45.308407	2.7964184	0.006565452	392.4844527244568
20	-36.197308	0.0	-36.197308	-36.197308	1000.0	2.0658484	2.3415885	5.737722	-6.391957	21000	0.00496645	82.87925	-0.002507641	-15.206993	2.701203	0.0015917363	411.7494549751282
21	-70.18219	0.0	-70.18219	-70.18219	1000.0	-1.5988301	2.9597833	2.6932871	-8.755104	22000	0.0027941323	204.04738	-0.0038918173	-35.244415	2.6795328	0.006345096	432.33923268318176
22	-1.806759	0.0	-1.806759	-1.806759	1000.0	-5.5859265	3.4915068	-0.58151174	-15.742223	23000	-0.0017143111	132.77733	-0.0030561415	-19.814407	2.7125533	0.0017809448	453.9581277370453
23	-189.56291	0.0	-189.56291	-189.56291	1000.0	-6.0886135	3.9996529	2.9213476	-14.942118	24000	0.025701009	281.00983	-0.0020307824	-133.0556	2.6613755	-3.337884e-05	473.44589924812317
24	-11.322538	0.0	-11.322538	-11.322538	1000.0	-10.087726	4.6978426	-4.010351	-23.022648	25000	0.03406458	149.27472	-0.007685581	-98.71155	2.6826913	-0.0006372348	492.33900260925293
25	-101.892235	0.0	-101.892235	-101.892235	1000.0	-4.7323394	6.3899183	5.8861113	-18.483349	26000	-0.025715223	222.37544	-0.003356181	-75.54498	2.7358105	0.0053676683	511.3889162540436
26	-127.043365	0.0	-127.043365	-127.043365	1000.0	-14.342818	6.1118813	-3.5241065	-28.57688	27000	0.0016752263	52.472004	-0.0076213847	-2.8234901	2.7043927	0.0031930213	531.336909532547
27	49.33487	0.0	49.33487	49.33487	1000.0	-6.951253	5.2522893	0.76019704	-22.473825	28000	0.040566657	284.51303	-0.0054665655	-162.02739	2.7091398	0.0050308984	550.2776234149933
28	-62.003597	0.0	-62.003597	-62.003597	1000.0	1.1097847	4.4865675	10.722416	-9.690721	29000	0.048897117	86.15631	-0.004329119	-44.062565	2.7286355	0.005650417	568.950189113617
29	-14.178958	0.0	-14.178958	-14.178958	1000.0	-1.5577161	4.1520114	7.471751	-16.804161	30000	-0.072693706	74.23958	-0.013790272	-5.2487335	2.6936455	0.017675739	587.695339679718
30	94.8733	0.0	94.8733	94.8733	1000.0	4.017793	1.9935409	7.9678173	-4.8889027	31000	-0.03599578	57.47804	-0.00436873	-30.310287	2.6977046	0.00817753	607.1006321907043
31	86.03486	0.0	86.03486	86.03486	1000.0	5.352721	5.570983	13.209212	-11.027708	32000	0.02151567	106.34811	0.004157951	-10.251846	2.7338865	0.0023626217	625.788920879364
32	80.54444	0.0	80.54444	80.54444	1000.0	10.605221	2.6894715	15.664794	1.525175	33000	-0.028733967	26.86996	-0.002169717	-7.9458904	2.643739	0.0045455187	644.5227384567261
33	49.207333	0.0	49.207333	49.207333	1000.0	5.466074	5.1045055	12.513764	-7.0632186	34000	0.01239619	19.773249	-0.0007682685	-1.1815338	2.6669679	0.004140786	663.163471698761
34	97.12509	0.0	97.12509	97.12509	1000.0	9.907336	1.9846334	13.479366	-0.9524102	35000	-0.042258803	45.07746	-0.0003942512	-1.3244057	2.706103	0.002955071	681.8555309772491
35	21.213623	0.0	21.213623	21.213623	1000.0	4.132615	4.611577	13.749054	-8.359028	36000	-0.0054853233	27.915562	-0.006155162	-10.745338	2.7536983	0.005467335	700.5258891582489
36	222.6549	0.0	222.6549	222.6549	1000.0	6.4097705	1.8783848	10.892384	-2.8003552	37000	-0.03212987	301.17523	-0.00041128322	-221.18509	2.5913537	0.00077644776	719.7921948432922
37	111.30516	0.0	111.30516	111.30516	1000.0	20.554548	2.23085	25.9856	5.528274	38000	-0.03334875	110.1346	-0.0016779825	-73.20329	2.6753938	0.0002707987	738.8311765193939
38	65.31305	0.0	65.31305	65.31305	1000.0	9.65324	4.1067195	17.57853	-2.4226668	39000	-0.0066214837	92.235	-0.00022279844	-7.1220703	2.766999	0.0004652953	757.5884501934052
39	36.358078	0.0	36.358078	36.358078	1000.0	6.149336	4.053304	14.316933	-7.346838	40000	0.018354006	57.098316	-0.0025723744	-9.203239	2.6493018	-0.0008472352	776.3096890449524
40	66.8422	0.0	66.8422	66.8422	1000.0	8.089583	1.9717274	12.485434	-0.2570705	41000	-0.021584544	30.991909	-0.004519766	-1.3873558	2.6507397	0.0014661129	795.7066795825958
41	103.79749	0.0	103.79749	103.79749	1000.0	3.8436763	4.0372357	12.013929	-8.602013	42000	-0.05881626	103.46218	-0.002721861	-39.729584	2.5998242	-0.00024142885	814.5128555297852
42	170.249	0.0	170.249	170.249	1000.0	10.409387	3.3946006	16.001837	-0.30356482	43000	-0.015147908	121.526054	-0.0013206229	-10.790558	2.6079752	-0.00047486066	833.2261369228363
43	71.41891	0.0	71.41891	71.41891	1000.0	11.166597	3.189003	18.424513	-0.0054401755	44000	-0.034084026	64.48323	-0.0034981743	-23.706184	2.629725	-0.000500175	851.972934961319
44	54.542507	0.0	54.542507	54.542507	1000.0	8.013231	4.9622912	16.640518	-4.4699574	45000	-0.023637487	32.586082	-0.0029907823	-2.4442482	2.6791532	0.0025965443	870.7678799629211
45	118.929756	0.0	118.929756	118.929756	1000.0	8.010364	3.837636	16.0384	-4.6105275	46000	0.0060897497	61.80964	-0.009386692	-18.333984	2.6569293	0.0028128463	889.4679045677185
46	113.92051	0.0	113.92051	113.92051	1000.0	10.90842	4.020379	19.574553	-0.35898674	47000	-0.028973486	37.891468	-0.00095381774	-0.6103859	2.6545708	0.00060834596	908.1260635852814
47	107.47728	0.0	107.47728	107.47728	1000.0	11.038333	3.9860902	19.986279	-2.17014	48000	-0.13562377	33.633152	-0.0012619793	-1.0226555	2.626554	0.000711328	926.8860795497894
48	182.29248	0.0	182.29248	182.29248	1000.0	15.085097	3.073478	20.839804	3.9647553	49000	0.059935912	68.03711	-0.0020237602	-9.17543	2.6256142	-0.00043447316	945.6200957298279
49	58.350292	0.0	58.350292	58.350292	1000.0	13.18326	3.1944616	20.040037	1.7559977	50000	-0.06482216	99.99061	-0.0036474615	-42.537357	2.668894	0.0017561354	964.6770658493042
50	118.18596	0.0	118.18596	118.18596	1000.0	8.128645	3.7514951	15.394373	-4.151921	51000	-0.053694792	64.44112	-0.003294304	-18.578388	2.5942042	0.001860757	984.3329610824585
51	68.619316	0.0	68.619316	68.619316	1000.0	13.441928	4.5138927	21.55846	1.2259593	52000	-0.04449689	87.26688	-0.002916485	-50.139076	2.5767212	0.000888886	1003.0801694393158
52	160.00262	0.0	160.00262	160.00262	1000.0	8.292818	3.8221953	14.52425	-4.16466	53000	-0.07723639	87.31706	-0.001380533	-49.597054	2.5317624	1.078248e-06	1022.5423014163971
53	42.96698	0.0	42.96698	42.96698	1000.0	10.269399	3.6567502	19.690641	-0.77535164	54000	-0.054673772	42.187767	-0.0033075325	-17.880404	2.5072372	0.001786763	1041.2357811927795
54	100.833115	0.0	100.833115	100.833115	1000.0	11.280143	2.8725708	18.815008	1.3686496	55000	-0.11451321	97.26114	-0.002553925	-11.421173	2.5782945	0.0017292716	1059.9035000801086
55	168.12741	0.0	168.12741	168.12741	1000.0	11.693645	2.1848605	16.77373	2.5760207	56000	-0.07428984	85.72988	-0.002653569	-13.341972	2.5625014	0.0008024216	1078.615644454956
56	85.04587	0.0	85.04587	85.04587	1000.0	13.123206	3.303668	20.27629	1.3225737	57000	-0.008737174	61.38672	-0.003366026	-24.563938	2.488372	0.0014806531	1097.237812280655
57	91.92302	0.0	91.92302	91.92302	1000.0	6.985318	4.0050898	15.850369	-7.1915174	58000	0.02357686	51.268658	-0.0018494204	-10.267651	2.4783397	-0.00015902019	1116.054319858551
58	234.77002	0.0	234.77002	234.77002	1000.0	13.241283	1.8358276	17.756266	3.0652533	59000	0.06550013	155.71475	-0.0024816021	-74.003944	2.533461	0.0039021792	1135.065666437149
59	227.00168	0.0	227.00168	227.00168	1000.0	20.008984	3.0942209	26.78858	9.191966	60000	-0.06478169	127.02776	-0.0060807765	-33.490005	2.4535592	-0.00040666127	1154.0426547527313
60	106.75229	0.0	106.75229	106.75229	1000.0	24.227495	2.7889261	30.027266	9.683671	61000	-0.021918286	192.65997	-0.004503159	-138.84322	2.4835925	0.008115147	1173.6238486766815
61	211.70119	0.0	211.70119	211.70119	1000.0	11.956717	2.3752427	16.972244	-1.4439011	62000	-0.036110986	155.02713	-0.0062921494	-85.94046	2.4685183	0.0028261147	1192.5563459396362
62	229.55945	0.0	229.55945	229.55945	1000.0	21.108654	2.637942	27.556377	6.1430917	63000	-0.031670026	76.815155	-0.008311089	-2.092369	2.434214	0.0052723964	1211.2853860855103
63	224.37611	0.0	224.37611	224.37611	1000.0	23.244505	2.3742025	29.396618	10.009894	64000	0.008217146	55.05752	-0.001771545	-0.96803665	2.4424202	0.0059664734	1229.9788119792938
64	61.34461	0.0	61.34461	61.34461	1000.0	19.390368	2.3057122	26.540169	6.517143	65000	-0.05644233	165.30081	0.0001369752	-142.35753	2.5174892	0.002527675	1248.6785151958466
65	240.31067	0.0	240.31067	240.31067	1000.0	11.040228	3.3863885	16.978226	-5.088317	66000	-0.012086418	283.00833	-0.0042693587	-177.01709	2.4384933	0.0047948053	1267.7025051116943
66	151.39886	0.0	151.39886	151.39886	1000.0	22.338089	2.859402	29.767155	11.262534	67000	0.04752914	102.68795	-0.004420668	-53.48728	2.3205674	0.005086826	1287.0785236358643
67	230.62793	0.0	230.62793	230.62793	1000.0	18.783278	2.5625591	24.289957	3.7105396	68000	-0.08383761	97.4553	-0.006897196	-21.045387	2.3754785	0.004001607	1305.7663598060608
68	140.42929	0.0	140.42929	140.42929	1000.0	17.002642	2.869747	23.692806	3.8462915	69000	0.013347181	79.47204	-0.00012377091	-4.884384	2.3870578	0.0036442652	1324.5422234535217
69	247.45006	0.0	247.45006	247.45006	1000.0	19.651415	3.8502092	26.961998	6.3265986	70000	-0.080650635	109.06896	-0.00092607737	-20.607697	2.3561919	0.0049569174	1343.2575056552887
70	140.30269	0.0	140.30269	140.30269	1000.0	21.413687	5.401978	30.796307	8.445211	71000	0.08033983	110.96622	-0.01031407	-50.48099	2.4244602	0.013076456	1362.7294809818268
71	114.4879	0.0	114.4879	114.4879	1000.0	13.914199	5.362557	26.16899	-0.9292056	72000	-0.104355425	67.959595	-0.007527046	-3.628601	2.387825	0.0043796054	1381.363189458847
72	96.10076	0.0	96.10076	96.10076	1000.0	14.292868	5.2140527	26.903109	3.7418149	73000	-0.081137754	45.88305	-0.0067278	-18.883526	2.3985	0.0016797526	1401.7224791049957
73	285.82736	0.0	285.82736	285.82736	1000.0	16.85845	2.6715052	22.2282	4.795383	74000	-0.0110385325	202.73354	0.00012946129	-137.411	2.3301156	0.008200279	1421.0596849918365
74	163.33647	0.0	163.33647	163.33647	1000.0	22.531158	4.678653	33.68342	3.2590752	75000	-0.018073587	79.81794	-0.0030685626	-21.061909	2.34867	0.0051223575	1439.665150642395
75	129.6668	0.0	129.6668	129.6668	1000.0	15.012084	4.8960752	28.814415	1.7970848	76000	-0.010848364	58.321022	-0.0038164342	-1.6815147	2.337922	-0.00041241682	1458.6755793094635
76	166.7013	0.0	166.7013	166.7013	1000.0	19.48576	6.558032	30.80203	-0.074742794	77000	-0.02037866	37.014366	-0.0047004335	-4.9015656	2.3222983	9.864307e-05	1477.0619142055511
77	321.79498	0.0	321.79498	321.79498	1000.0	20.087013	4.1446037	27.773527	3.6533718	78000	-0.10043046	287.59744	-0.0034271479	-151.52382	2.2835956	-0.00015123558	1498.468418121338
78	334.86172	0.0	334.86172	334.86172	1000.0	33.39667	3.9173267	39.076275	4.764982	79000	-0.02978967	205.45323	2.0982698e-05	-13.800095	2.2098494	0.0010497605	1525.2016596794128
79	259.33752	0.0	259.33752	259.33752	1000.0	31.365898	4.855547	40.569283	15.216689	80000	-0.06389314	73.05115	-0.0057791844	-20.707115	2.2972062	0.004772009	1543.7827231884003
80	289.04822	0.0	289.04822	289.04822	1000.0	30.240664	3.2337434	35.797157	7.5804667	81000	0.053740747	47.11227	-0.0025961287	-1.6471214	2.2502499	0.0056471154	1563.246143579483
81	248.67027	0.0	248.67027	248.67027	1000.0	23.243713	3.534234	32.72258	4.5219417	82000	-0.061764237	84.709755	-0.0043241195	-11.515282	2.2409308	0.0061372565	1584.4271926879883
82	287.1623	0.0	287.1623	287.1623	1000.0	34.321922	2.5615313	40.84466	15.6800585	83000	-0.04331095	96.57661	-0.00053253025	-20.963158	2.2596376	0.003725391	1607.7327132225037
83	309.1902	0.0	309.1902	309.1902	1000.0	24.700241	4.129769	34.320545	11.75754	84000	-0.010921297	106.00133	-0.005295486	-27.819267	2.258631	0.0034891844	1629.758816242218
84	243.71689	0.0	243.71689	243.71689	1000.0	33.456184	4.637045	41.074062	11.854165	85000	0.039063927	177.01208	-0.0060907453	-64.27358	2.243158	0.007254473	1649.2837460041046
85	235.08777	0.0	235.08777	235.08777	1000.0	20.356407	4.6206365	30.987827	8.179771	86000	-0.028341953	73.97758	-0.0024490934	-21.57536	2.2536378	0.0016150265	1675.680017709732
86	254.65073	0.0	254.65073	254.65073	1000.0	28.352528	4.178662	36.262302	9.443478	87000	-0.008541413	44.002842	-0.0031028995	-6.043934	2.1574724	0.0051744776	1697.2076997756958
87	306.48944	0.0	306.48944	306.48944	1000.0	25.302082	5.2376084	34.13839	11.320507	88000	-0.017702283	165.36127	-0.0016998406	-52.96723	2.1281621	0.0029796201	1718.440259695053
88	195.22823	0.0	195.22823	195.22823	1000.0	30.486984	3.610812	38.695072	9.932748	89000	-0.030209072	137.1533	-0.0049781203	-91.49152	2.1970918	0.002976336	1740.0237817764282
89	349.80698	0.0	349.80698	349.80698	1000.0	24.390203	2.648407	29.819357	5.037235	90000	-0.08762515	161.11772	-0.0013787746	-92.20503	2.215228	0.000637787	1761.2284944057465
90	342.8692	0.0	342.8692	342.8692	1000.0	33.228607	3.7306848	39.30032	10.901848	91000	-0.09978266	101.37361	-0.0063073635	-9.58535	2.134439	0.0061355787	1784.0610082149506
91	351.29834	0.0	351.29834	351.29834	1000.0	35.180176	4.022957	43.582542	10.605286	92000	-0.07007474	92.30198	-0.0011729747	-8.4212265	2.1463618	0.0008144767	1803.676831483841
92	258.5253	0.0	258.5253	258.5253	1000.0	33.194157	3.4806168	41.881516	12.646074	93000	0.023510586	154.52449	-0.0028010905	-47.58889	2.1339648	0.0017219231	1824.4417831897736
93	278.2138	0.0	278.2138	278.2138	1000.0	25.640707	4.23477	37.433025	6.4428267	94000	0.050252065	73.397766	-0.005998403	-4.662796	2.07285	0.0019600636	1842.830061674118
94	380.5182	0.0	380.5182	380.5182	1000.0	34.120243	2.641925	40.357708	15.520215	95000	-0.099210344	118.464775	-0.0030985996	-24.229462	2.151111	0.002321482	1861.1405675411224
95	271.21844	0.0	271.21844	271.21844	1000.0	36.305748	4.3259687	45.01043	15.296804	96000	0.00078642275	129.57344	-0.0037279387	-64.30009	2.0993567	0.0016364126	1879.8730833530426
96	307.84253	0.0	307.84253	307.84253	1000.0	26.191992	3.570457	34.58429	9.527023	97000	-0.0017633515	106.377716	-0.0019453773	-24.771584	2.0646782	-0.00082031195	1898.1052129268646
97	272.60028	0.0	272.60028	272.60028	1000.0	35.160324	2.7456408	41.859276	13.1852455	98000	-0.060968466	167.1042	-0.0063890293	-45.927887	2.1036837	0.008230896	1916.3831672668457
98	378.31216	0.0	378.31216	378.31216	1000.0	27.458254	4.1354914	34.643147	10.831333	99000	-0.10959096	239.49615	-0.0045676604	-101.19466	2.0144205	0.0023004804	1934.6357786655426
99	270.6201	0.0	270.6201	270.6201	1000.0	33.926285	3.5474455	41.26865	12.578068	100000	-0.0007204509	107.69786	-0.002250846	-40.19889	2.016871	0.0013646652	1952.97496342659
100	302.63626	0.0	302.63626	302.63626	1000.0	30.351618	3.785698	38.623238	14.037367	101000	-0.02515419	87.77022	-0.007103348	-12.225563	2.1034439	0.006658843	1971.9996030330658
101	190.67455	0.0	190.67455	190.67455	1000.0	29.209888	3.5733979	36.038734	12.843432	102000	0.0054475823	124.91596	-0.0058017066	-101.01224	2.026274	0.008760008	1990.3060524463654
102	397.5096	0.0	397.5096	397.5096	1000.0	21.421453	3.887267	28.865896	8.468895	103000	0.02821921	463.0881	0.00024017878	-352.2295	2.007177	0.0021129118	2008.6516571044922
103	474.94165	0.0	474.94165	474.94165	1000.0	41.317688	2.8465967	48.004684	22.655031	104000	-0.013201728	228.29565	-0.0008828053	-43.547882	2.0472176	-1.2198687e-05	2027.1116976737976
104	390.21927	0.0	390.21927	390.21927	1000.0	45.333897	4.364675	54.761364	22.672852	105000	-0.05889849	215.68657	-0.0035359561	-67.39186	2.018787	0.0007262588	2046.6926853656769
105	307.85663	0.0	307.85663	307.85663	1000.0	41.041496	3.5350037	48.201923	16.318806	106000	-0.047867768	153.99539	-0.0013990812	-86.19928	2.0139868	0.0025812888	2065.3619678020477
106	395.63394	0.0	395.63394	395.63394	1000.0	26.81402	4.5928073	35.944054	9.305098	107000	-0.013209991	300.60083	-0.0020436402	-149.65245	2.041106	-0.0012602845	2083.8563137054443
107	381.43372	0.0	381.43372	381.43372	1000.0	39.61451	4.894642	48.40396	20.66808	108000	-0.064246	296.3213	-0.0018672422	-36.37146	1.9489647	0.0007199222	2102.248735189438
108	332.36823	0.0	332.36823	332.36823	1000.0	43.56601	3.3215501	50.181667	19.151728	109000	-0.096563034	191.22176	-0.0074601173	-65.737144	1.9750657	0.0039617075	2120.648050546646
109	350.76715	0.0	350.76715	350.76715	1000.0	35.042366	3.1390753	41.535007	15.329679	110000	-0.0543777	46.120426	-0.0022487268	-1.2663307	1.9564941	0.0035895784	2139.0670149326324
110	523.0424	0.0	523.0424	523.0424	1000.0	34.854828	2.8153913	41.087177	18.484745	111000	-0.058856938	449.34134	-0.0038858168	-229.4521	1.9162256	0.0031253358	2158.9464650154114
111	428.39807	0.0	428.39807	428.39807	1000.0	45.168205	5.433152	55.23484	24.138067	112000	-0.11487337	49.31776	-0.0034922808	-5.566471	1.9406142	8.892804e-05	2177.526733160019
112	405.0059	0.0	405.0059	405.0059	1000.0	41.79339	5.8251953	51.906628	17.84394	113000	-0.02135323	156.7995	-0.011441197	-19.587128	1.858718	0.0026385875	2195.907287836075
113	426.50098	0.0	426.50098	426.50098	1000.0	46.132637	2.7698083	51.675877	20.413046	114000	-0.03264829	169.00064	-0.0023113936	-31.456238	1.8621722	0.005044197	2214.6576364040375
114	347.72842	0.0	347.72842	347.72842	1000.0	35.660194	5.0489063	44.888874	23.26642	115000	-0.051668923	84.756485	-0.004003424	-3.3483505	1.920386	0.0022470052	2233.019584417343
115	372.61334	0.0	372.61334	372.61334	1000.0	35.29895	4.139932	43.85368	22.897387	116000	-0.016162252	143.0922	-0.00342842	-15.227425	1.8981125	0.0007937049	2251.3948726654053
116	471.49588	0.0	471.49588	471.49588	1000.0	41.73318	3.7157872	48.103798	26.953094	117000	-0.06937599	100.506966	-0.0078079253	-24.243156	1.7750773	0.0014138641	2269.8402650356293
117	400.93515	0.0	400.93515	400.93515	1000.0	42.483307	4.440074	52.1594	23.449917	118000	-0.04262742	90.27266	-0.0050390474	-4.715126	1.7561324	0.0017579682	2288.3423175811768
118	432.993	0.0	432.993	432.993	1000.0	46.080376	2.3331878	51.144974	29.113646	119000	-0.028574416	49.280113	-0.004429346	-3.4718132	1.769148	0.009542811	2306.7599539756775
119	446.11478	0.0	446.11478	446.11478	1000.0	43.932247	2.612113	49.62643	27.67333	120000	-0.008914198	147.5436	-0.0028130142	-5.4592285	1.8247592	0.0017722192	2325.1841197013855
120	450.16592	0.0	450.16592	450.16592	1000.0	45.553776	2.4607995	51.284664	30.04367	121000	-0.02440439	122.48667	-0.003562227	-5.078171	1.7849113	-0.00060686946	2344.6546397209167
121	497.29456	0.0	497.29456	497.29456	1000.0	43.29764	3.638413	50.33563	23.734568	122000	-0.110849924	172.88928	-0.013726383	-85.16572	1.7385828	0.0043971995	2363.626396179199
122	434.21198	0.0	434.21198	434.21198	1000.0	53.243134	4.299484	59.633564	30.454493	123000	-0.037935644	155.21397	-0.00487661	-73.1808	1.7308042	0.0039224215	2382.1753346920013
123	411.43137	0.0	411.43137	411.43137	1000.0	40.391697	5.272569	50.893776	25.750845	124000	-0.030212937	126.911385	-0.009401372	-3.693184	1.7158252	0.011618469	2400.6222681999207
124	394.51413	0.0	394.51413	394.51413	1000.0	47.688072	2.9808106	51.834927	20.541395	125000	0.031291217	82.7765	-0.00030417927	-27.739216	1.8152678	0.008877237	2419.286857843399
125	430.46582	0.0	430.46582	430.46582	1000.0	37.556908	6.564875	46.937054	22.267553	126000	-0.061784536	138.35017	-0.0051470026	-34.462784	1.7039292	0.0037083516	2437.86829829216
126	498.2872	0.0	498.2872	498.2872	1000.0	43.8803	5.6325107	52.356045	27.709179	127000	-0.14199951	122.270515	-0.009448826	-25.405922	1.7607476	0.0065340754	2456.28675031662
127	530.71814	0.0	530.71814	530.71814	1000.0	48.35745	5.4390664	56.702923	30.42438	128000	-0.013493396	121.87755	-0.008414352	-31.730064	1.700743	0.010503538	2474.8033261299133
128	326.3002	0.0	326.3002	326.3002	1000.0	48.746544	5.0542617	63.239357	31.868866	129000	-0.031020397	250.599	-0.00314877	-157.09149	1.6623492	0.003202842	2493.2520139217377
129	279.13635	0.0	279.13635	279.13635	1000.0	38.515438	6.472557	51.169743	21.219368	130000	-0.022577055	166.69185	-0.00046269596	-87.89329	1.6510122	0.001252714	2511.715318918228
130	533.14465	0.0	533.14465	533.14465	1000.0	34.773228	5.416361	42.76194	18.857958	131000	-0.06294154	340.20343	-0.0025390983	-269.9831	1.7228098	0.00378799	2530.990037202835
131	281.4367	0.0	281.4367	281.4367	1000.0	42.397045	4.8993526	55.753773	27.48937	132000	-0.08799169	225.16782	-0.004883006	-113.956535	1.6080252	0.005335535	2549.6093966960907
132	553.164	0.0	553.164	553.164	1000.0	41.71108	4.776355	49.69345	26.359638	133000	0.04925492	279.8398	-0.0074148253	-163.6801	1.6088306	0.010051152	2568.1232481002808
133	469.82184	0.0	469.82184	469.82184	1000.0	52.92511	5.4411583	61.581882	26.6922	134000	-0.03444025	95.204865	-0.012160458	-18.032097	1.6364012	0.0090227425	2586.603859424591
134	670.0931	0.0	670.0931	670.0931	1000.0	50.54145	5.674887	58.45649	26.853125	135000	-0.023387026	369.27426	-0.0010847766	-247.81151	1.6214429	0.014834697	2605.1546623706818
135	426.2094	0.0	426.2094	426.2094	1000.0	61.890156	6.30025	73.57192	43.464706	136000	-0.0715009	508.1421	-0.0080831945	-225.07584	1.5370024	0.013821605	2623.703991651535
136	561.1225	0.0	561.1225	561.1225	1000.0	47.31103	5.6535645	58.075375	32.828495	137000	-0.007776514	187.15283	-0.004569059	-70.04593	1.5482224	0.015124503	2642.1374480724335
137	570.4921	0.0	570.4921	570.4921	1000.0	62.009544	2.3589554	66.53427	38.35371	138000	-0.06418758	176.71684	-0.003505446	-16.345627	1.539986	0.0062611476	2660.6163613796234
138	540.0894	0.0	540.0894	540.0894	1000.0	58.233772	2.8383126	62.313637	27.196619	139000	0.0024268026	201.66776	-0.003412061	-50.008316	1.532265	0.016559115	2679.2211458683014
139	484.3652	0.0	484.3652	484.3652	1000.0	43.53038	6.3609834	55.15244	31.466928	140000	-0.087910816	252.50592	-0.0017519221	-51.068924	1.5544837	0.006618287	2697.816771507263
140	441.28806	0.0	441.28806	441.28806	1000.0	55.541447	2.4875193	61.121635	37.40239	141000	-0.05357558	251.63396	-0.0048739985	-92.15257	1.5476334	0.0005667353	2717.303439617157
141	490.4206	0.0	490.4206	490.4206	1000.0	42.806767	4.525843	50.859413	28.179525	142000	-0.047025435	401.8225	-0.010378327	-85.858765	1.5097563	0.0046805115	2735.729722261429
142	580.1798	0.0	580.1798	580.1798	1000.0	51.517345	2.6039097	57.846386	38.91198	143000	-0.041001037	341.597	-0.020962905	-30.358307	1.4865856	0.025093459	2754.2008390426636
143	502.47137	0.0	502.47137	502.47137	1000.0	56.119343	2.7890804	62.750996	39.223732	144000	-0.0036970424	350.69254	-0.00627824	-48.194824	1.5014148	0.019748054	2773.509383201599
144	635.76825	0.0	635.76825	635.76825	1000.0	49.627453	3.5992541	57.865803	39.598938	145000	-0.104145646	395.29468	0.0019576102	-207.67836	1.4465001	0.013615612	2796.515396595001
145	529.9523	0.0	529.9523	529.9523	1000.0	65.02114	2.5778842	71.05536	38.726242	146000	-0.062192246	387.9798	-0.0022580624	-111.54141	1.4159975	0.00629735	2822.1717286109924
146	538.72015	0.0	538.72015	538.72015	1000.0	53.681446	3.6252065	62.437614	41.321823	147000	-0.010641564	583.0594	-0.0030105263	-108.09482	1.3513205	0.0023372117	2846.0877816677094
147	589.7676	0.0	589.7676	589.7676	1000.0	53.787594	5.1822066	65.09769	36.651447	148000	-0.006788716	385.2856	-0.0054891338	-51.27539	1.346249	0.0030681647	2868.43022441864
148	833.3436	0.0	833.3436	833.3436	1000.0	61.007618	4.843006	70.360596	38.06065	149000	-0.06666423	511.8608	-0.008244328	-380.1801	1.4252241	0.01230108	2887.3149268627167
149	559.71173	0.0	559.71173	559.71173	1000.0	75.78	3.3303225	86.44883	50.4366	150000	-0.0119208265	545.67975	-0.011008307	-318.2897	1.2631365	0.008339711	2909.6542477607727
150	766.14484	0.0	766.14484	766.14484	1000.0	64.64379	4.653615	75.64598	43.10338	151000	-0.08891808	412.77667	-0.004805319	-122.39859	1.3340789	0.02123428	2935.8203415870667
151	537.81866	0.0	537.81866	537.81866	1000.0	71.3576	5.3539925	86.52831	44.776077	152000	-0.08230818	398.44287	-0.013482377	-232.66005	1.3561511	0.031909734	2954.788410425186
152	500.1035	0.0	500.1035	500.1035	1000.0	62.388577	4.3046613	72.8217	40.028214	153000	0.010084797	354.78876	-0.004058049	-90.770325	1.3234704	0.011777794	2975.2770063877106
153	653.15204	0.0	653.15204	653.15204	1000.0	55.01521	4.0145397	63.837284	35.588734	154000	-0.06619752	246.48569	-0.025977895	-118.77581	1.2766423	0.021632621	2997.2988872528076
154	680.45294	0.0	680.45294	680.45294	1000.0	65.36768	5.437225	74.986046	38.095222	155000	-0.051959746	243.55365	-0.0031769797	-18.288391	1.2361919	0.027013961	3021.315192937851
155	612.5033	0.0	612.5033	612.5033	1000.0	65.80164	5.7081275	74.74063	40.373108	156000	-0.06760172	165.69644	-0.013592221	-10.438751	1.2605281	0.032493647	3048.066846370697
156	611.07983	0.0	611.07983	611.07983	1000.0	66.75747	5.8668413	77.60258	42.230164	157000	-0.053348485	236.10135	0.00028030947	-34.631012	1.165542	0.007153539	3074.062158346176
157	588.3099	0.0	588.3099	588.3099	1000.0	61.457813	5.753478	72.10422	38.292904	158000	0.07603785	109.31976	0.000666298	-5.5359344	1.2212623	0.007806709	3098.6962518692017
158	655.83795	0.0	655.83795	655.83795	1000.0	67.01576	2.7719824	72.970215	42.704002	159000	0.00071850966	135.37964	-0.003658352	-3.5610962	1.168638	0.010112899	3124.6805901527405
159	443.72073	0.0	443.72073	443.72073	1000.0	59.27971	5.216719	71.70124	41.032455	160000	-0.048411105	390.77893	-0.0038536824	-173.8169	1.1724045	0.007991775	3155.483083486557
160	717.6673	0.0	717.6673	717.6673	1000.0	52.144623	3.6840324	60.116505	32.385124	161000	-0.12772115	582.0549	-0.008336917	-395.8321	1.1990135	0.0069798357	3180.378566980362
161	533.6138	0.0	533.6138	533.6138	1000.0	65.92479	5.969594	77.32401	44.97944	162000	-0.095388	484.6033	-0.010203764	-173.4855	1.1766164	0.011734071	3205.1402366161346
162	343.3399	0.0	343.3399	343.3399	1000.0	52.097694	7.157757	66.2902	38.518467	163000	-0.06506012	588.1272	-0.0052365065	-238.43591	1.1200212	0.012068148	3224.420348405838
163	717.573	0.0	717.573	717.573	1000.0	47.037846	6.1876154	54.564198	25.674263	164000	-0.06393538	583.29767	0.00028378516	-483.6099	1.2131907	0.0019692872	3245.3222799301147
164	382.91965	0.0	382.91965	382.91965	1000.0	52.00431	6.791175	69.228745	38.24283	165000	0.011330067	278.59338	-0.0196051	-130.6442	1.1206306	0.017165	3268.4280586242676
165	665.12573	0.0	665.12573	665.12573	1000.0	54.741486	9.768866	66.59026	27.67189	166000	0.008523671	259.85934	-0.008847233	-139.0969	1.0978552	0.023808299	3292.1909379959106
166	766.7335	0.0	766.7335	766.7335	1000.0	63.15618	9.68266	77.35	38.653355	167000	-0.14504267	382.20282	-0.01527068	-229.81856	1.0836262	0.032845635	3315.4653358459473
167	777.92017	0.0	777.92017	777.92017	1000.0	81.55682	3.7778456	87.576935	49.527676	168000	-0.007241353	101.2745	-0.007662579	-8.541077	1.0638791	0.021132689	3343.1025779247284
168	771.2852	0.0	771.2852	771.2852	1000.0	76.519684	6.834139	85.99713	48.124832	169000	-0.04417019	241.71524	-0.0097854845	-2.0210266	1.0031769	0.025005143	3363.1787645816803
169	899.2452	0.0	899.2452	899.2452	1000.0	71.99039	9.8840475	86.29273	41.9946	170000	-0.056645602	508.43225	0.0005636737	-267.86548	1.0162977	0.0015170422	3381.355142354965
170	943.9773	0.0	943.9773	943.9773	1000.0	91.87566	3.9186947	97.89398	58.03806	171000	-0.045432784	212.64726	-0.006220646	-24.856415	0.9611716	0.0030892151	3400.2793378829956
171	814.1556	0.0	814.1556	814.1556	1000.0	93.13169	6.3341556	101.65418	61.51583	172000	-0.06888982	427.82123	-0.005270019	-108.95938	0.9571752	0.019616114	3418.62021112442
172	668.2295	0.0	668.2295	668.2295	1000.0	83.10537	6.8276033	90.97375	52.4624	173000	-0.006452898	297.57645	-0.0143836625	-223.49463	0.996041	0.013559285	3436.725751399994
173	912.3219	0.0	912.3219	912.3219	1000.0	69.21967	6.0819726	78.21006	43.81253	174000	-0.050902184	645.1796	-0.008279763	-377.1008	0.9833227	0.031393435	3454.80215215683
174	916.15515	0.0	916.15515	916.15515	1000.0	76.68691	5.4577866	90.45037	59.011284	175000	-0.024295796	450.71582	-0.0020625722	-198.09692	0.8980544	0.019150093	3473.3131577968597
175	779.64325	0.0	779.64325	779.64325	1000.0	97.154625	3.7371514	103.43388	69.76866	176000	-0.02917482	543.3306	-0.010573942	-203.61719	0.9318843	0.01072579	3495.202243089676
176	859.2824	0.0	859.2824	859.2824	1000.0	86.62133	3.8029857	92.58087	58.376778	177000	-0.047400694	267.48447	-0.010343369	-28.121033	0.9391698	0.014277287	3522.219236135483
177	789.86346	0.0	789.86346	789.86346	1000.0	82.899796	3.9711995	90.61251	63.869442	178000	-0.0567851	441.19812	-0.007658839	-23.75357	0.9210388	0.019370766	3545.265818119049
178	835.48254	0.0	835.48254	835.48254	1000.0	84.08389	2.520568	90.47602	61.400883	179000	-0.053138275	1148.8552	-0.010516521	-35.581543	0.786595	0.020173175	3564.809466600418
179	1095.4097	0.0	1095.4097	1095.4097	1000.0	85.693726	4.2138286	94.77411	57.41608	180000	-0.013917453	768.5918	-0.0059941495	-564.6451	0.8242228	0.0102140205	3586.923694372177
180	1116.4747	0.0	1116.4747	1116.4747	1000.0	106.863045	3.6892135	114.39877	67.844826	181000	-0.031448223	229.31042	-0.031587243	-13.816177	0.79353505	0.0475964	3606.061177968979
181	839.15265	0.0	839.15265	839.15265	1000.0	107.936874	3.7329502	116.39958	75.460205	182000	0.00313442	667.1396	-0.004419084	-512.8867	0.91576564	0.0331677	3624.3350200653076
182	933.4739	0.0	933.4739	933.4739	1000.0	90.56468	3.1135998	98.20965	67.68645	183000	-0.11240372	96.23162	-0.0030917153	-17.515106	0.7872355	0.025691219	3643.4681277275085
183	588.83685	0.0	588.83685	588.83685	1000.0	87.931625	3.4040203	96.391136	65.49704	184000	0.0030539485	851.86523	-0.0004290277	-559.3551	0.7925795	0.021049106	3668.287167787552
184	826.3584	0.0	826.3584	826.3584	1000.0	77.21358	2.9882689	84.3445	58.99185	185000	-0.005780504	225.31453	-0.013214025	-38.511322	0.76401055	0.038666274	3690.9872035980225
185	751.3009	0.0	751.3009	751.3009	1000.0	77.79422	4.7797966	90.01698	55.280727	186000	-0.056236044	201.48064	0.00096297637	-10.793411	0.7337124	0.018315462	3714.358946323395
186	852.5872	0.0	852.5872	852.5872	1000.0	80.85197	4.749396	91.10329	57.877075	187000	-0.06662493	280.27902	-0.0008044839	-61.174744	0.79343814	0.0031161841	3738.0065178871155
187	780.6902	0.0	780.6902	780.6902	1000.0	87.851135	3.33617	96.173294	64.769806	188000	-0.10508279	492.1904	-0.007864572	-51.450012	0.7610872	0.0057530142	3760.0119392871857
188	774.6147	0.0	774.6147	774.6147	1000.0	82.65242	3.001427	90.27495	57.646038	189000	0.033699103	121.12839	-0.026705608	-18.759338	0.734343	0.04112336	3778.1738164424896
189	846.51483	0.0	846.51483	846.51483	1000.0	78.41568	4.569485	87.71903	55.482567	190000	-0.019709583	713.01654	-0.02974062	-86.729675	0.6986239	0.08221812	3796.2575335502625
190	991.18744	0.0	991.18744	991.18744	1000.0	85.06344	3.4610863	94.736855	60.738388	191000	-0.04705033	432.87793	-0.0005472265	-162.96674	0.7372605	0.031397104	3820.420147418976
191	824.9581	0.0	824.9581	824.9581	1000.0	93.59543	6.1772647	105.41792	67.26435	192000	-0.045260772	321.16132	0.0063429773	-99.999725	0.735751	0.017477617	3842.0533740520477
192	874.92816	0.0	874.92816	874.92816	1000.0	78.821655	5.309	94.51073	66.716125	193000	0.0057359934	475.97678	0.0014944687	-33.658936	0.6829448	0.0068642334	3864.444351911545
193	923.44476	0.0	923.44476	923.44476	1000.0	79.94967	4.1778116	88.51954	65.503395	194000	-0.049459938	370.1893	-0.0051713847	-190.70528	0.60710245	0.009992059	3884.10182261467
194	839.1871	0.0	839.1871	839.1871	1000.0	96.98823	5.430757	108.82012	74.199104	195000	-0.03347283	1029.4417	-0.00085746497	-232.07867	0.64831764	0.006136915	3904.9362094402313
195	944.4438	0.0	944.4438	944.4438	1000.0	87.206154	5.0449634	108.43733	69.15492	196000	0.018969549	605.7554	-0.0127331745	-66.17261	0.60699475	0.010128053	3923.110682487488
196	806.6975	0.0	806.6975	806.6975	1000.0	86.83957	5.520205	101.08742	73.15605	197000	0.0023704185	788.71686	-0.013938818	-82.443665	0.6038265	0.02749343	3941.2919335365295
197	1037.4386	0.0	1037.4386	1037.4386	1000.0	82.32641	5.541333	96.113686	65.59578	198000	0.0547301	1004.4338	-0.011214428	-411.1302	0.5558292	0.023192141	3959.5716598033905
198	819.9793	0.0	819.9793	819.9793	1000.0	104.265045	5.036324	120.981064	77.650345	199000	-0.08394354	988.5371	-0.005695045	-277.61493	0.56779665	0.016806882	3978.039063692093
199	984.1506	0.0	984.1506	984.1506	1000.0	86.076065	5.2998505	105.44425	70.341354	200000	0.034032308	328.15195	-0.053510714	-154.8071	0.51326597	0.08332837	3996.2091262340546
200	996.3098	0.0	996.3098	996.3098	1000.0	95.01141	4.724139	108.17849	69.05667	201000	-0.027541047	396.88663	-0.02918621	-21.798828	0.52369994	0.12445027	4015.3081550598145
201	855.26013	0.0	855.26013	855.26013	1000.0	99.10479	4.611312	110.57019	78.63658	202000	0.07196605	277.8657	-0.011463162	-164.56726	0.6106622	0.11670523	4033.5764632225037
202	766.87897	0.0	766.87897	766.87897	1000.0	89.16189	6.2942634	117.37774	67.102	203000	-0.020187192	466.48407	0.008824761	-164.26825	0.58006626	0.049740527	4051.7956128120422
203	631.3208	0.0	631.3208	631.3208	1000.0	80.28881	5.1395893	102.900665	65.650085	204000	0.0009208832	618.5626	0.008185994	-214.68243	0.5772441	0.0047519016	4070.2097733020782
204	511.47006	0.0	511.47006	511.47006	1000.0	66.7702	5.0605145	81.0307	52.36564	205000	-0.029133948	350.21237	-0.009043878	-132.76266	0.5376527	0.017897217	4088.397104024887
205	276.06894	0.0	276.06894	276.06894	1000.0	55.452293	5.0053873	69.48723	45.179176	206000	-0.022112286	828.1885	-0.006565938	-611.0562	0.5548998	0.02871113	4106.694405078888
206	644.8945	0.0	644.8945	644.8945	1000.0	49.73969	5.8074355	74.017845	39.67536	207000	-0.012088394	375.1408	-0.015914323	-222.41818	0.55346227	0.00942227	4127.081948757172
207	597.6854	0.0	597.6854	597.6854	1000.0	57.420765	8.444102	102.11868	38.201645	208000	0.04821027	165.64035	0.0015773028	-4.8585205	0.56449187	0.024191322	4148.504108667374
208	726.32153	0.0	726.32153	726.32153	1000.0	47.002735	6.766284	72.99601	35.36319	209000	0.029775376	1089.319	-0.0074355975	-449.6106	0.51969445	0.026122896	4166.699162483215
209	746.2214	0.0	746.2214	746.2214	1000.0	69.50299	8.801843	99.49386	49.39714	210000	-0.009639043	531.1894	-0.0071964357	-31.417969	0.52031153	0.013919007	4187.895133018494
210	721.45605	0.0	721.45605	721.45605	1000.0	67.15694	6.296863	85.72837	53.772537	211000	-0.016279096	1581.1989	-0.009386521	-80.40625	0.57310677	0.010511707	4209.2131106853485
211	370.3459	0.0	370.3459	370.3459	1000.0	64.19767	4.7893653	80.6153	54.08446	212000	0.045659114	682.3721	-0.012056407	-520.4342	0.5887684	0.03835375	4229.746212482452
212	852.53394	0.0	852.53394	852.53394	1000.0	47.84767	5.862643	63.596035	35.73266	213000	-0.032265645	1608.9402	-0.0398502	-965.9187	0.5044903	0.07537833	4249.603515863419
213	1037.8418	0.0	1037.8418	1037.8418	1000.0	81.5675	6.045282	111.87222	60.912617	214000	-0.021001106	577.8835	-0.04124783	-418.0413	0.5789473	0.11623482	4269.771569252014
214	1237.6903	0.0	1237.6903	1237.6903	1000.0	94.20247	8.91555	115.85922	71.18677	215000	-0.03301428	1065.3185	0.0038646162	-790.6931	0.54786175	0.065578245	4288.3006591796875
215	1068.1494	0.0	1068.1494	1068.1494	1000.0	102.1697	8.036932	125.82143	85.00205	216000	-0.04481247	201.63388	-0.00068261474	-19.209045	0.4913356	0.06631009	4306.603429079056
216	1102.6908	0.0	1102.6908	1102.6908	1000.0	113.49306	11.933129	146.52061	90.42407	217000	-0.04911608	184.88556	0.007825982	-9.444534	0.4788177	0.02008119	4324.768503665924
217	889.119	0.0	889.119	889.119	1000.0	126.44839	7.9864626	153.77658	95.14999	218000	-0.032910883	1897.982	0.0014981031	-1225.7849	0.53615785	0.009635122	4343.004431009293
218	686.0512	0.0	686.0512	686.0512	1000.0	91.934044	7.371841	109.58783	75.8931	219000	0.06322191	1655.0798	-0.0034334734	-325.20288	0.4833091	0.011661487	4361.23944401741
219	975.87866	0.0	975.87866	975.87866	1000.0	78.98073	6.342816	93.96043	64.42543	220000	0.04663382	914.2099	-0.022000639	-371.9048	0.5041433	0.02289455	4379.505343198776
220	606.67706	0.0	606.67706	606.67706	1000.0	95.64666	5.8752375	106.46893	76.00911	221000	-0.07186693	1869.686	-0.024253413	-816.3225	0.4388246	0.032195903	4398.531968355179
221	711.9414	0.0	711.9414	711.9414	1000.0	80.20323	3.22136	91.92531	62.92875	222000	-0.1007778	761.01965	-0.030429326	-114.4093	0.54256064	0.065692164	4416.657093286514
222	953.37616	0.0	953.37616	953.37616	1000.0	73.94415	4.470725	94.142715	60.847786	223000	-0.037374243	2003.1376	-0.006756127	-392.78455	0.5051827	0.048952974	4439.839183092117
223	905.5512	0.0	905.5512	905.5512	1000.0	75.8084	4.3295794	86.252266	64.53775	224000	-0.079643935	802.12366	0.0081084445	-244.65692	0.4947349	0.01906242	4468.586241006851
224	692.2341	0.0	692.2341	692.2341	1000.0	87.67174	4.747257	101.59687	72.113174	225000	0.023316395	536.2161	-0.029418645	-243.7716	0.44895265	0.03494002	4488.672306537628
225	1017.72253	0.0	1017.72253	1017.72253	1000.0	81.538734	5.350624	111.7751	68.168274	226000	-0.053202465	775.5379	-0.029136688	-417.1295	0.3984435	0.070997894	4507.140588521957
226	1042.5989	0.0	1042.5989	1042.5989	1000.0	91.113686	6.226263	102.76533	74.22409	227000	-0.12265764	547.6385	-0.041380018	-204.82309	0.4181659	0.13560393	4525.5932631492615
227	1303.8159	0.0	1303.8159	1303.8159	1000.0	103.11467	5.374671	115.061	73.37325	228000	-0.066674754	1100.7975	-0.03398513	-576.03064	0.44595072	0.13876636	4544.098581314087
228	847.2959	0.0	847.2959	847.2959	1000.0	115.63699	5.5991893	127.91187	76.41874	229000	0.008008398	852.83856	0.026533544	-563.3052	0.3810808	0.024948291	4562.548679590225
229	1062.1836	0.0	1062.1836	1062.1836	1000.0	109.03303	2.841239	119.47108	80.94826	230000	-0.039981484	96.78183	-0.02634038	-6.701851	0.45294663	0.018044943	4581.199311971664
230	1210.0968	0.0	1210.0968	1210.0968	1000.0	106.33276	3.1174345	114.62182	78.05674	231000	-0.05253968	319.9236	-0.030582596	-143.80818	0.4871159	0.03927306	4600.670991420746
231	995.9527	0.0	995.9527	995.9527	1000.0	107.85346	5.9430623	121.71072	80.18697	232000	0.05289708	291.71494	-0.04164154	-29.86911	0.4414535	0.100324444	4619.3819744586945
232	1011.5478	0.0	1011.5478	1011.5478	1000.0	102.559715	5.5689087	113.60396	66.30231	233000	-0.036585316	131.62206	-0.006312214	-5.3139267	0.33127996	0.09872298	4638.858617067337
233	1158.5623	0.0	1158.5623	1158.5623	1000.0	107.449875	4.8433704	118.04258	74.2484	234000	0.047125965	240.25616	0.007482186	-51.79904	0.3213106	0.06271192	4657.493948221207
234	1137.0093	0.0	1137.0093	1137.0093	1000.0	114.66834	3.8771343	125.0341	87.15395	235000	-0.023282528	557.4824	-0.002550859	-54.15631	0.34088433	0.027337082	4677.404824972153
235	1152.0288	0.0	1152.0288	1152.0288	1000.0	117.88866	3.4712415	126.50022	82.09745	236000	-0.06740447	488.38193	-0.046862498	-21.218231	0.43115357	0.081853494	4699.444383621216
236	1033.6365	0.0	1033.6365	1033.6365	1000.0	112.28899	4.563954	123.881096	80.01785	237000	-0.06558231	686.06	0.0021001175	-105.16974	0.2899518	0.030705089	4721.1581909656525
237	1055.5809	0.0	1055.5809	1055.5809	1000.0	104.4503	4.512095	113.92238	73.878944	238000	-0.050033625	282.11868	-0.00459712	-7.5250244	0.28124738	0.02718163	4742.016323328018
238	915.72675	0.0	915.72675	915.72675	1000.0	106.78914	4.176493	116.70163	71.41452	239000	0.015610286	609.7019	0.0012815101	-131.49255	0.2814154	0.0038265556	4761.528302669525
239	1221.9194	0.0	1221.9194	1221.9194	1000.0	100.81478	3.5546064	111.17047	74.66669	240000	-0.07648407	661.5828	-0.017428972	-373.54498	0.28505656	0.023222176	4780.494923830032
240	1170.5618	0.0	1170.5618	1170.5618	1000.0	111.545975	5.13236	122.68195	81.79269	241000	0.043528233	419.90848	-0.008144222	-25.537292	0.3029337	0.028084798	4804.70876288414
241	1271.229	0.0	1271.229	1271.229	1000.0	118.18831	3.0438612	129.65393	88.59624	242000	-0.088031135	410.79645	-0.0041281804	-62.71692	0.30972758	0.021688763	4826.849770069122
242	1332.2485	0.0	1332.2485	1332.2485	1000.0	124.34253	3.544391	133.93071	91.73714	243000	-0.028263588	205.01132	-0.00048165582	-70.45288	0.22011709	0.0062319357	4849.539134979248
243	1217.1538	0.0	1217.1538	1217.1538	1000.0	123.796196	4.660587	133.94087	91.78922	244000	-0.006175781	143.05238	-0.0034199893	-1.431778	0.21206957	0.0076773767	4871.126274585724
244	1069.399	0.0	1069.399	1069.399	1000.0	122.18168	6.2951083	135.56668	80.55243	245000	-0.06723297	527.3407	-0.021823175	-143.72867	0.19583878	0.043712746	4896.119938611984
245	1139.4928	0.0	1139.4928	1139.4928	1000.0	116.69737	6.9642854	130.3585	90.708046	246000	0.041187506	141.76973	-0.00713975	-5.5865784	0.22535637	0.014736174	4920.792515516281
246	1119.4115	0.0	1119.4115	1119.4115	1000.0	111.937965	4.876035	122.56658	83.13716	247000	-0.025712816	353.0209	-0.00067680515	-6.543579	0.21327436	0.0059433253	4945.266401529312
247	1291.3898	0.0	1291.3898	1291.3898	1000.0	113.78184	6.437051	126.04736	84.80292	248000	-0.07769861	450.0545	-0.024373941	-232.96436	0.2276097	0.022925114	4967.098202466965
248	1264.0847	0.0	1264.0847	1264.0847	1000.0	127.19627	6.836153	138.30212	90.78471	249000	-0.045295708	175.3325	-0.02776704	-10.023956	0.2349621	0.06683839	4987.272909641266
249	1144.693	0.0	1144.693	1144.693	1000.0	117.69797	5.1754837	130.3625	86.39371	250000	-0.09139065	521.157	-0.012652874	-17.440857	0.16726984	0.035850227	5006.6326014995575
250	1353.7347	0.0	1353.7347	1353.7347	1000.0	124.819466	5.2607574	140.13623	93.56572	251000	0.029930798	251.1691	0.0021780897	-46.083405	0.16722056	0.028279446	5027.168479204178
251	1062.579	0.0	1062.579	1062.579	1000.0	129.54652	5.7954545	145.48453	98.81108	252000	0.008779677	1264.9742	-0.041823044	-431.72412	0.16668539	0.037587743	5046.883201599121
252	1331.9963	0.0	1331.9963	1331.9963	1000.0	116.79325	3.7594771	124.69	86.18824	253000	-0.0420947	421.5185	-0.011439223	-267.1631	0.15559712	0.022585819	5066.350250720978
253	1167.4773	0.0	1167.4773	1167.4773	1000.0	123.90097	6.249301	138.54395	81.31656	254000	0.029910063	299.18857	-0.052497614	-87.62349	0.20069137	0.07889375	5085.761178255081
254	1143.4791	0.0	1143.4791	1143.4791	1000.0	113.858475	4.9295483	126.12428	82.8846	255000	0.036149953	549.16455	-0.009929759	-8.901245	0.12990355	0.060299203	5105.36482667923
255	1174.298	0.0	1174.298	1174.298	1000.0	119.14775	5.0397725	130.81935	85.31697	256000	-0.07171534	426.73438	0.0020384416	-25.344116	0.16664557	0.06014693	5124.701584815979
256	834.37524	0.0	834.37524	834.37524	1000.0	111.32954	5.7345724	129.09764	86.64226	257000	-0.008884717	1662.9397	0.0021686223	-786.55255	0.11200395	0.03783754	5144.112716913223
257	1055.7234	0.0	1055.7234	1055.7234	1000.0	91.80333	6.0898023	107.06921	70.37634	258000	-0.012231548	489.64526	0.0006403271	-96.8627	0.18114093	0.012044011	5163.4863312244415
258	907.89294	0.0	907.89294	907.89294	1000.0	99.10321	5.6962323	111.27509	78.68441	259000	0.036382772	654.35693	-0.021346387	-64.28754	0.12194108	0.021342682	5183.001821756363
259	1254.6034	0.0	1254.6034	1254.6034	1000.0	99.75294	4.2999706	114.68149	76.55265	260000	0.024964422	764.9632	-0.042269588	-592.98737	0.060017534	0.091220014	5202.320274591446
260	1299.9437	0.0	1299.9437	1299.9437	1000.0	108.32579	7.597036	128.91815	72.22236	261000	-0.015585446	937.8551	-0.009774537	-530.1288	0.119899854	0.06804088	5223.136247634888
261	1351.2234	0.0	1351.2234	1351.2234	1000.0	129.86917	5.866312	142.48781	93.26134	262000	-0.01396582	443.7296	-0.0013087047	-64.62329	0.062105674	0.09127653	5242.735885620117
262	1421.611	0.0	1421.611	1421.611	1000.0	137.94203	4.9346013	151.97562	97.61118	263000	-0.028037593	408.76724	0.007638106	-43.503357	0.09357969	0.027036777	5262.155811071396
263	1178.6892	0.0	1178.6892	1178.6892	1000.0	139.03065	8.659439	153.98172	83.919044	264000	-0.011650825	1211.5682	0.0016320627	-287.5374	0.09240114	0.020555167	5281.55192232132
264	1231.1104	0.0	1231.1104	1231.1104	1000.0	121.0605	9.101848	144.00954	94.634636	265000	-0.021785393	549.928	-0.0033357926	-18.891113	0.10893067	0.015087994	5301.38942861557
265	1387.8329	0.0	1387.8329	1387.8329	1000.0	128.78772	9.223171	146.68513	93.8458	266000	-0.05781564	199.23097	-0.0125646815	-64.515564	0.11843178	0.01394686	5320.7252106666565
266	1074.6572	0.0	1074.6572	1074.6572	1000.0	128.44928	10.455064	151.6228	97.231895	267000	-0.002764618	764.60144	-0.017331641	-340.28888	0.066964015	0.027545402	5340.15730381012
267	1230.6982	0.0	1230.6982	1230.6982	1000.0	113.41379	8.618007	133.084	81.94997	268000	0.022979183	427.64224	-0.03492848	-77.11328	0.06941329	0.08414066	5359.476181507111
268	1437.4268	0.0	1437.4268	1437.4268	1000.0	128.1296	6.6936994	141.71237	90.43412	269000	-0.05399198	434.31412	-0.0006725155	-194.48529	0.03641181	0.047581498	5378.808091402054
269	1066.613	0.0	1066.613	1066.613	1000.0	124.705315	8.10353	143.22853	81.77682	270000	-0.029274529	700.9142	-0.003738949	-142.57391	0.038296837	0.021132614	5398.011315822601
270	1187.4899	0.0	1187.4899	1187.4899	1000.0	127.16023	9.976993	146.49098	87.81036	271000	-0.037504524	201.14496	0.0003036484	-39.913055	0.08485584	0.0048341267	5420.389444351196
271	933.16394	0.0	933.16394	933.16394	1000.0	106.64878	6.316316	121.47287	82.98897	272000	-0.07872564	373.0249	-0.01577361	-87.61795	0.07027359	0.02716382	5440.247673511505
272	1372.76	0.0	1372.76	1372.76	1000.0	113.48982	10.787496	144.3651	87.105	273000	-0.059434257	985.4169	-0.028064765	-608.98206	0.06805889	0.034228716	5459.624193191528
273	1288.9747	0.0	1288.9747	1288.9747	1000.0	127.92514	9.691343	146.50363	95.642136	274000	-0.009733925	292.08887	-0.011920586	-7.1555176	0.03917124	0.05484446	5478.867868423462
274	1328.1844	0.0	1328.1844	1328.1844	1000.0	125.09024	10.586393	149.04678	79.909836	275000	-0.08254637	484.47455	0.005603403	-113.00937	-0.012638027	0.0066279145	5499.2011885643005
275	1312.4323	0.0	1312.4323	1312.4323	1000.0	139.39221	8.504512	155.0504	100.56175	276000	-0.10262641	603.25824	-0.006739311	-78.48462	-0.047619358	0.01742548	5518.366458415985
276	1344.4326	0.0	1344.4326	1344.4326	1000.0	129.34093	8.544112	146.70694	88.39935	277000	-0.0030430513	215.42473	-0.0073899166	-21.996323	0.032606073	0.011136822	5537.796174287796
277	1495.952	0.0	1495.952	1495.952	1000.0	140.22319	6.7903914	154.01411	100.86975	278000	-0.08021391	211.61916	-0.007619895	-53.822403	-0.003961159	0.016227532	5557.298720598221
278	1414.9578	0.0	1414.9578	1414.9578	1000.0	140.06277	8.221404	158.58186	103.52574	279000	-0.009764376	167.68436	-0.0477063	-3.7428894	-0.08861262	0.05954797	5576.82052230835
279	1325.7197	0.0	1325.7197	1325.7197	1000.0	146.13	6.866219	166.17111	103.42373	280000	0.032287363	352.51688	-0.014352182	-132.68631	-0.054373566	0.053871382	5596.672048807144
280	1437.5157	0.0	1437.5157	1437.5157	1000.0	127.460785	11.046521	150.20735	78.92024	281000	-0.018186804	735.68774	-0.0015920661	-493.7122	-0.111292735	0.08129076	5617.120232105255
281	1404.3402	0.0	1404.3402	1404.3402	1000.0	149.2103	10.586849	169.1153	94.71479	282000	-0.046089936	289.30646	-0.006988339	-24.448639	-0.08567392	0.052563224	5636.877310991287
282	1023.4144	0.0	1023.4144	1023.4144	1000.0	136.6622	8.047495	159.52762	96.678696	283000	-0.020209441	1631.5177	0.0023751594	-1033.0193	-0.12541482	0.009873594	5656.346820354462
283	1301.7848	0.0	1301.7848	1301.7848	1000.0	126.41009	9.600557	145.84296	87.98773	284000	-0.026121464	224.67587	-0.017124355	-37.04904	-0.10291319	0.0091379415	5676.013683795929
284	889.4873	0.0	889.4873	889.4873	1000.0	111.54667	6.4114094	127.70644	92.217545	285000	0.023687359	1096.9545	-0.03521654	-516.756	-0.1833904	0.052582987	5695.5966691970825
285	972.1499	0.0	972.1499	972.1499	1000.0	110.35746	11.84639	129.60995	80.65309	286000	0.051800147	401.45264	-0.023497757	-131.64102	-0.14404324	0.08833162	5715.017009735107
286	1365.0247	0.0	1365.0247	1365.0247	1000.0	94.95611	9.876272	122.278465	73.40065	287000	-0.00039071272	1603.5967	-0.014397743	-1003.7112	-0.095535204	0.087906405	5734.237914085388
287	1391.7538	0.0	1391.7538	1391.7538	1000.0	119.38612	10.113577	144.90665	82.631355	288000	0.019461937	642.7448	0.007539943	-375.57434	-0.0899209	0.026231857	5756.194780111313
288	1408.5673	0.0	1408.5673	1408.5673	1000.0	137.0741	11.158608	157.70415	91.366066	289000	-0.0669981	390.32294	-0.009274282	-12.043121	-0.14803502	0.006258838	5776.64924955368
289	1633.4812	0.0	1633.4812	1633.4812	1000.0	138.678	9.991107	156.87375	84.839066	290000	-0.082968414	791.18463	-0.016359746	-498.17105	-0.16594388	0.014523267	5796.839641332626
290	1189.7546	0.0	1189.7546	1189.7546	1000.0	151.46904	12.607687	177.62578	93.04203	291000	-0.056070477	2462.0305	-0.040406786	-1021.4828	-0.11736121	0.03124966	5817.994939804077
291	1604.3358	0.0	1604.3358	1604.3358	1000.0	144.31863	5.7838035	155.86887	92.10343	292000	-0.037675362	531.2267	0.00053006783	-231.6094	-0.14675616	0.01758579	5838.558326244354
292	1323.2374	0.0	1323.2374	1323.2374	1000.0	143.74022	10.269969	166.60574	98.69406	293000	0.052719176	610.86865	-0.005231656	-109.43198	-0.1775284	0.02958237	5858.723067045212
293	1413.8856	0.0	1413.8856	1413.8856	1000.0	145.08125	7.366613	158.89964	79.76056	294000	-0.09264878	437.26892	-0.00017178059	-26.253845	-0.0963551	0.022578934	5878.9409873485565
294	1222.4226	0.0	1222.4226	1222.4226	1000.0	133.78186	11.429201	157.44836	84.52058	295000	0.027968239	1495.1724	-0.0280947	-216.43933	-0.20355842	0.026370585	5899.105659484863
295	1540.7673	0.0	1540.7673	1540.7673	1000.0	140.88861	5.4841795	152.00949	88.458206	296000	-0.116952986	417.91708	-0.016101629	-210.77052	-0.14318742	0.0075694816	5919.275839328766
296	1268.6666	0.0	1268.6666	1268.6666	1000.0	150.61171	5.7683024	162.75185	93.46525	297000	-0.07155849	1698.0931	-0.027311914	-395.77722	-0.2711411	0.058185566	5940.663920164108
297	1439.7218	0.0	1439.7218	1439.7218	1000.0	125.84758	8.59018	141.85728	70.47052	298000	-0.027771337	591.2829	-0.0064546894	-369.9861	-0.22071138	0.024052918	5960.845414161682
298	1298.1444	0.0	1298.1444	1298.1444	1000.0	139.33012	7.9434595	156.62389	93.62563	299000	0.015715912	573.48596	-0.030999675	-102.95218	-0.33346185	0.09363925	5980.93085193634
299	1524.3271	0.0	1524.3271	1524.3271	1000.0	137.68518	7.8193517	152.84908	91.12331	300000	-0.019797035	293.6386	-0.002602594	-100.2888	-0.25650963	0.052389137	6001.118562698364
300	1558.4528	0.0	1558.4528	1558.4528	1000.0	148.91269	6.3960505	160.48578	94.62281	301000	-0.06112063	196.80199	-0.0033048987	-58.264328	-0.2585127	0.035359744	6022.03121972084
301	1437.624	0.0	1437.624	1437.624	1000.0	147.18187	7.6849427	166.32397	97.73781	302000	-0.036506657	168.80017	-0.0007577501	-28.481888	-0.33447212	0.01644297	6042.654301404953
302	1348.0338	0.0	1348.0338	1348.0338	1000.0	149.19083	8.218994	164.51556	95.09058	303000	-0.013220865	352.068	-0.01640867	-152.9495	-0.2723405	0.012237187	6062.7887897491455
303	1274.2198	0.0	1274.2198	1274.2198	1000.0	133.99031	8.971133	152.19786	90.852325	304000	0.015637845	506.5383	-0.011218572	-27.260376	-0.3389702	0.016072134	6082.893356561661
304	1462.8907	0.0	1462.8907	1462.8907	1000.0	128.15846	7.566818	144.44286	78.83267	305000	-0.03353414	625.5064	-0.01626978	-348.7796	-0.32293728	0.05635988	6103.136011600494
305	1530.6798	0.0	1530.6798	1530.6798	1000.0	148.37404	5.4054866	159.95312	90.69155	306000	0.058051474	289.70074	-0.010269318	-28.183105	-0.2891148	0.059551965	6123.22311258316
306	1383.0261	0.0	1383.0261	1383.0261	1000.0	148.77505	7.1999044	165.68115	98.68616	307000	-0.05282137	302.372	0.0023450367	-114.29346	-0.3712346	0.03308206	6143.392147779465
307	1305.1023	0.0	1305.1023	1305.1023	1000.0	140.81488	6.074595	154.74962	80.94764	308000	-0.02242298	665.4161	-0.003940137	-96.503174	-0.29257062	0.014350331	6163.479528665543
308	1115.6915	0.0	1115.6915	1115.6915	1000.0	132.60643	6.7106824	147.9728	92.402534	309000	0.024367282	535.86176	-0.0033021495	-305.11603	-0.3897624	-0.0036622991	6183.600001811981
309	1479.2566	0.0	1479.2566	1479.2566	1000.0	131.19264	5.2315164	142.9385	85.669136	310000	0.0025384007	544.6019	-0.009157019	-252.80792	-0.3472979	0.0048668776	6204.122490167618
310	1512.7708	0.0	1512.7708	1512.7708	1000.0	139.43246	8.78865	156.61812	79.00401	311000	0.021955336	589.35675	-0.026317995	-204.19125	-0.30015045	0.03141088	6225.137729644775
311	1314.0221	0.0	1314.0221	1314.0221	1000.0	149.0289	8.670008	165.73311	88.00984	312000	-0.0046871393	422.47147	-0.04430914	-172.33476	-0.35367206	0.11084967	6245.329605817795
312	1658.5378	0.0	1658.5378	1658.5378	1000.0	138.76694	11.086482	160.01279	96.9102	313000	-0.030514114	658.78235	-0.025421456	-436.54236	-0.3675725	0.1268424	6265.722293615341
313	1403.7347	0.0	1403.7347	1403.7347	1000.0	149.88448	8.795702	172.17093	102.25176	314000	-0.022238258	454.74088	-0.0037738066	-75.99097	-0.32651246	0.0956682	6285.806676864624
314	1597.7196	0.0	1597.7196	1597.7196	1000.0	156.59427	5.0649867	168.61694	103.8446	315000	-0.031706657	155.2997	0.0040089954	-7.6396484	-0.4631794	0.025508733	6309.094211339951
315	1366.351	0.0	1366.351	1366.351	1000.0	151.31924	8.87349	171.91628	103.5797	316000	0.026805073	381.74982	-0.023741255	-218.14503	-0.442143	0.025223961	6329.322601556778
316	1434.2079	0.0	1434.2079	1434.2079	1000.0	147.04042	6.686907	163.11969	100.1581	317000	-0.072314546	208.49452	-0.010536335	-6.384247	-0.4317168	0.04366584	6351.9015057086945
317	1402.5585	0.0	1402.5585	1402.5585	1000.0	140.23369	9.670575	163.44104	100.81529	318000	-0.08313985	391.5112	-0.018254012	-33.101013	-0.36085257	0.048356116	6371.504920959473
318	1388.252	0.0	1388.252	1388.252	1000.0	142.65031	12.805684	169.42235	102.031105	319000	0.055535477	616.8275	-0.02179671	-91.54126	-0.5010421	0.13965254	6390.484982013702
319	1439.0602	0.0	1439.0602	1439.0602	1000.0	122.55278	6.643099	140.51976	94.37764	320000	0.0031974353	742.48627	-0.014063495	-471.2032	-0.34828475	0.06368481	6409.751938343048
320	1453.2938	0.0	1453.2938	1453.2938	1000.0	139.63834	8.455392	163.48164	103.58339	321000	-0.028725216	255.55609	-0.0014406592	-87.17975	-0.42514208	0.0587478	6430.47426533699
321	1303.1865	0.0	1303.1865	1303.1865	1000.0	162.11797	8.151103	181.41881	111.09311	322000	0.0060520917	1112.2628	-0.0030018731	-849.2506	-0.4138915	0.016295768	6450.051260232925
322	1133.6226	0.0	1133.6226	1133.6226	1000.0	130.34064	7.486367	152.29794	97.94451	323000	-0.04144834	396.04376	-0.030792445	-116.67682	-0.33592975	0.06216349	6470.8810930252075
323	1428.3948	0.0	1428.3948	1428.3948	1000.0	136.43076	6.356357	155.62216	90.06865	324000	-0.02263519	163.3785	-0.03947799	-59.23079	-0.46513152	0.08599519	6490.691244125366
324	1617.9213	0.0	1617.9213	1617.9213	1000.0	133.75728	10.121717	158.31123	98.57379	325000	-0.038117	775.127	-0.026924573	-586.9516	-0.38810176	0.13004842	6510.384700059891
325	1678.1603	0.0	1678.1603	1678.1603	1000.0	151.4023	10.964772	174.92976	99.76772	326000	-0.024652755	430.0493	-0.042348973	-249.28029	-0.5153782	0.17245193	6530.152724504471
326	1286.1763	0.0	1286.1763	1286.1763	1000.0	171.27022	5.9106894	187.4147	108.73909	327000	-0.01118607	2002.3817	0.0018019779	-1399.5096	-0.39377654	0.14813033	6550.459762334824
327	800.3364	0.0	800.3364	800.3364	1000.0	142.73882	7.7253294	158.43462	88.37813	328000	-0.08499808	3638.5615	0.01278834	-2349.9553	-0.39877012	0.049995903	6568.992167472839
328	976.6542	0.0	976.6542	976.6542	1000.0	118.33855	5.7287235	135.39041	80.56909	329000	-0.03550751	1145.302	-0.020105407	-215.07404	-0.42307612	0.028970886	6588.50318646431
329	995.87506	0.0	995.87506	995.87506	1000.0	106.90127	6.9800906	127.64861	74.71511	330000	0.0029749165	899.5444	-0.014427606	-35.616882	-0.47537172	0.053375848	6612.708844661713
330	983.8868	0.0	983.8868	983.8868	1000.0	104.68009	6.734969	125.54148	78.88236	331000	-0.07587594	557.8471	-0.02813948	-12.637085	-0.42721948	0.053154558	6632.029527902603
331	1080.8864	0.0	1080.8864	1080.8864	1000.0	97.69664	6.7733617	115.74381	72.24161	332000	-0.058359552	432.71094	-0.0440556	-58.538177	-0.5216444	0.085812315	6652.887942314148
332	642.7611	0.0	642.7611	642.7611	1000.0	92.782425	6.9257383	112.041306	69.368065	333000	0.042224165	904.5966	-0.04309693	-503.9453	-0.5060348	0.12168498	6671.373224496841
333	1261.6399	0.0	1261.6399	1261.6399	1000.0	86.59422	6.568335	106.34296	69.615845	334000	0.034663305	1877.8845	-0.023699254	-830.209	-0.5815844	0.16470435	6689.608280181885
334	1391.1481	0.0	1391.1481	1391.1481	1000.0	101.38136	8.303074	121.94983	71.44712	335000	-0.026825603	1840.0787	-0.021510113	-839.32996	-0.50503224	0.15542957	6707.842723608017
335	1565.7659	0.0	1565.7659	1565.7659	1000.0	123.67605	7.81768	144.00145	75.996376	336000	-0.0016780209	1302.9934	0.004719821	-863.0537	-0.52551097	0.100839294	6726.045886993408
336	1394.3073	0.0	1394.3073	1394.3073	1000.0	138.21054	7.1492877	156.87009	101.086754	337000	0.025604405	385.73297	0.009224962	-12.036438	-0.5041661	0.04014649	6744.342794418335
337	1494.4023	0.0	1494.4023	1494.4023	1000.0	136.43758	6.5955772	154.7563	97.567795	338000	-0.039878868	456.7556	-0.04482095	-147.04596	-0.5068152	0.103982575	6762.631585597992
338	1188.7961	0.0	1188.7961	1188.7961	1000.0	145.15794	5.0090985	156.62015	109.09052	339000	-0.00046157074	1115.9666	0.010904128	-408.96844	-0.5226913	0.06154637	6780.858298778534
339	1169.93	0.0	1169.93	1169.93	1000.0	135.44905	6.8939953	153.99805	84.67436	340000	-0.018703124	1236.3871	-0.0096629	-291.99567	-0.5803302	0.06904698	6799.176362276077
340	1245.1904	0.0	1245.1904	1245.1904	1000.0	124.63748	5.5738835	138.10828	86.57889	341000	-0.008120812	575.62256	-0.0155278025	-32.887695	-0.66717017	0.051366944	6819.087586402893
341	655.9564	0.0	655.9564	655.9564	1000.0	133.35103	5.2198577	147.0961	96.94077	342000	-0.0037575627	4443.175	-0.01588666	-2543.9976	-0.5499978	0.053047586	6837.576846122742
342	1133.2998	0.0	1133.2998	1133.2998	1000.0	103.533165	4.8200326	116.40476	70.08503	343000	-0.03565306	1149.2635	0.0049482975	-91.18628	-0.63691777	0.03771452	6855.879974365234
343	810.92535	0.0	810.92535	810.92535	1000.0	107.826775	4.381968	117.089005	84.36396	344000	0.05027468	1342.4666	-0.022599068	-360.51367	-0.5958807	0.112407796	6874.061224937439
344	1157.6499	0.0	1157.6499	1157.6499	1000.0	96.37156	3.4949665	108.971664	74.78833	345000	0.015385757	680.99786	0.0020893654	-266.83862	-0.625827	0.04768718	6892.378309965134
345	998.02344	0.0	998.02344	998.02344	1000.0	106.38429	4.482674	118.845085	76.136665	346000	0.033448663	548.24084	-0.0164181	-25.220642	-0.591894	0.06840836	6910.574998140335
346	1028.3754	0.0	1028.3754	1028.3754	1000.0	104.08091	4.1894474	114.66912	71.22217	347000	-0.008101588	955.786	-0.013397561	-18.59076	-0.5600454	0.09814421	6928.808760404587
347	842.10675	0.0	842.10675	842.10675	1000.0	100.36092	3.580533	110.82007	76.53221	348000	-0.014458908	611.2319	-0.010473415	-133.45486	-0.6203973	0.06261376	6947.909772157669
348	1072.6014	0.0	1072.6014	1072.6014	1000.0	95.14075	3.8854735	104.63403	72.67214	349000	-0.034486365	1018.502	-0.01618576	-165.55963	-0.55632186	0.09140096	6966.13766169548
349	1225.077	0.0	1225.077	1225.077	1000.0	102.34559	3.7306123	114.13148	72.577156	350000	-0.041770842	753.36285	-0.022675466	-268.8541	-0.5842146	0.15541048	6984.632063150406
350	1447.5779	0.0	1447.5779	1447.5779	1000.0	109.946594	4.130475	120.26313	78.03875	351000	0.059202276	1759.2262	-0.01931449	-895.2322	-0.57799315	0.1400496	7004.0990471839905
351	1194.5713	0.0	1194.5713	1194.5713	1000.0	125.74172	3.9367774	135.22427	89.487495	352000	-0.036636382	351.97964	-0.011540197	-11.480011	-0.53166467	0.10226079	7022.677457332611
352	1479.0366	0.0	1479.0366	1479.0366	1000.0	125.820526	4.1794577	136.35567	84.40955	353000	-0.045066316	931.85657	-0.010686476	-356.51544	-0.70341676	0.11889751	7040.995594024658
353	1228.0854	0.0	1228.0854	1228.0854	1000.0	132.97632	5.4756846	145.65547	97.18401	354000	0.014669994	473.26276	-0.0089472765	-23.163635	-0.7277208	0.0888768	7059.2301280498505
354	1448.9528	0.0	1448.9528	1448.9528	1000.0	132.78122	4.621179	144.63396	98.36356	355000	-0.031436566	345.73236	0.0034314916	-66.497925	-0.6390974	0.05022659	7077.593760728836
355	1287.904	0.0	1287.904	1287.904	1000.0	136.28392	4.830211	149.40712	91.28465	356000	0.0059027006	913.91376	-0.0012736092	-52.21112	-0.63247544	0.038280446	7095.891169309616
356	1329.5332	0.0	1329.5332	1329.5332	1000.0	134.15901	4.8606253	145.67314	92.54929	357000	-0.054409094	1728.6133	0.00262741	-50.498047	-0.66702133	0.012808494	7114.225734710693
357	925.2598	0.0	925.2598	925.2598	1000.0	130.51392	4.617998	145.59421	94.64951	358000	0.03733734	2444.5134	-0.019385658	-978.6765	-0.6911197	0.04096228	7132.525201320648
358	1117.3157	0.0	1117.3157	1117.3157	1000.0	114.11604	4.0293374	126.513695	84.46005	359000	0.017684467	1489.9307	-3.627315e-05	-49.921753	-0.62372595	0.009739656	7150.8100044727325
359	1249.2566	0.0	1249.2566	1249.2566	1000.0	110.78698	4.871586	125.09398	85.56829	360000	-0.038097534	461.37057	-0.0076964907	-161.77194	-0.56811243	0.0060197096	7169.291370153427
360	1147.7231	0.0	1147.7231	1147.7231	1000.0	118.78325	5.5423307	131.93277	96.90703	361000	-0.018118376	1026.4584	-0.011236876	-48.784363	-0.64293903	0.016649904	7188.56002163887
361	1058.4028	0.0	1058.4028	1058.4028	1000.0	116.48306	5.4140706	129.7558	94.547226	362000	-0.041543968	465.2805	-0.039687805	-29.239746	-0.66046447	0.09928151	7207.0488913059235
362	1746.3282	0.0	1746.3282	1746.3282	1000.0	114.77399	5.7761817	135.4099	98.054	363000	0.020260697	3187.8464	-0.00950858	-2132.0771	-0.5901643	0.06261192	7225.800715446472
363	1561.4404	0.0	1561.4404	1561.4404	1000.0	140.12479	4.9680915	155.3179	105.98346	364000	0.00668373	753.0959	-0.009933729	-172.9555	-0.61110204	0.05071263	7244.135303735733
364	1595.6989	0.0	1595.6989	1595.6989	1000.0	146.60925	4.6479344	162.12302	105.11857	365000	-0.0700031	381.6715	-0.023365706	-95.196625	-0.6435959	0.072412185	7262.488424777985
365	1494.1311	0.0	1494.1311	1494.1311	1000.0	152.77641	4.593359	167.58673	107.21557	366000	-0.06731093	138.79834	-0.03394857	-2.235962	-0.6236235	0.13149042	7280.770470619202
366	1562.356	0.0	1562.356	1562.356	1000.0	153.98825	4.572234	167.62737	103.74338	367000	0.010688362	208.25691	0.008353627	-33.256058	-0.60333157	0.10674627	7299.490019798279
367	1183.9824	0.0	1183.9824	1183.9824	1000.0	157.87231	4.746125	169.91258	118.79615	368000	0.039305378	1857.2871	0.010112029	-779.96716	-0.66454273	0.02076081	7317.8198137283325
368	770.4928	0.0	770.4928	770.4928	1000.0	141.00056	5.250102	154.35387	101.4283	369000	0.009455128	3483.7263	0.0006537633	-2378.3481	-0.7096773	0.0015004285	7336.653525352478
369	1115.1086	0.0	1115.1086	1115.1086	1000.0	116.014626	5.0442615	127.26383	87.01102	370000	0.1143412	557.4024	-0.011597104	-8.21051	-0.6232371	0.014336114	7354.901796340942
370	1215.1163	0.0	1215.1163	1215.1163	1000.0	114.50268	4.160505	122.84184	89.49338	371000	0.011660093	202.43794	-0.01953904	-44.786316	-0.65691555	0.051293556	7373.922722101212
371	1412.0812	0.0	1412.0812	1412.0812	1000.0	118.277016	5.220657	130.08466	86.851494	372000	-0.051301032	726.1892	-0.008378461	-320.89255	-0.7185634	0.03883859	7392.322385549545
372	1307.5667	0.0	1307.5667	1307.5667	1000.0	126.869576	5.102138	138.88173	96.79549	373000	0.093772545	531.07056	-0.032286424	-38.452667	-0.7133756	0.07176685	7410.666085243225
373	1060.5206	0.0	1060.5206	1060.5206	1000.0	130.87703	5.1555514	144.99484	88.53359	374000	-0.025164768	1124.5057	-0.0032424387	-249.93939	-0.76444596	0.070986286	7428.941540956497
374	1220.6193	0.0	1220.6193	1220.6193	1000.0	124.757935	4.4186206	136.41455	94.69011	375000	0.0014785357	411.04984	0.0004286298	-19.645508	-0.6909312	0.049465127	7447.215621471405
375	1099.2933	0.0	1099.2933	1099.2933	1000.0	123.327446	4.695349	135.1764	85.21062	376000	0.026007112	415.3202	-0.0016584061	-132.07922	-0.6466958	0.033244208	7465.533789873123
376	1424.0133	0.0	1424.0133	1424.0133	1000.0	116.37969	4.7882977	125.826805	76.51311	377000	-0.021243079	1231.4423	-0.011144089	-523.73517	-0.70461434	0.029760044	7483.78090596199
377	1614.3663	0.0	1614.3663	1614.3663	1000.0	126.74806	4.662467	137.51225	95.48203	378000	-0.013731048	1545.3177	-0.018824	-986.164	-0.66263413	0.07132399	7501.992138147354
378	1426.7806	0.0	1426.7806	1426.7806	1000.0	144.70628	4.7949333	155.54471	107.962875	379000	0.044636503	662.2123	-0.0066962093	-26.28064	-0.6817781	0.08281534	7520.279410362244
379	1704.2993	0.0	1704.2993	1704.2993	1000.0	143.58531	5.2092915	155.8358	101.19649	380000	-0.050261255	856.1174	-0.005439926	-492.29324	-0.65078515	0.059438	7538.513420581818
380	1696.7521	0.0	1696.7521	1696.7521	1000.0	156.16904	4.781416	172.61537	112.0857	381000	-0.032948162	483.41196	-0.015782114	-176.82022	-0.646052	0.070173	7557.957583665848
381	1573.2196	0.0	1573.2196	1573.2196	1000.0	163.26648	4.888133	173.90477	118.76736	382000	-0.08224754	166.39978	0.006051086	-20.86882	-0.5929258	0.0101144295	7576.51450586319
382	1576.6848	0.0	1576.6848	1576.6848	1000.0	162.3334	4.6492167	173.73036	108.8577	383000	0.0029711619	752.0044	-0.00810951	-21.689514	-0.68054557	0.02520914	7594.824848413467
383	1269.1139	0.0	1269.1139	1269.1139	1000.0	161.72116	4.8763275	176.34883	115.53092	384000	0.010286484	1913.449	-0.020989046	-887.7749	-0.68242544	0.041295823	7613.175544500351
384	1579.4297	0.0	1579.4297	1579.4297	1000.0	146.81613	4.8595557	158.78497	102.55235	385000	-0.023911279	1210.7244	-0.02660865	-243.33038	-0.6629441	0.052727837	7631.475541591644
385	1546.0602	0.0	1546.0602	1546.0602	1000.0	156.21709	4.506701	168.15942	108.61481	386000	0.0021805095	473.56235	-0.0007864246	-17.179504	-0.6442141	0.021442741	7649.809228181839
386	1558.6492	0.0	1558.6492	1558.6492	1000.0	154.00348	5.390484	168.86371	104.546585	387000	-0.025705155	408.56912	-0.010375235	-39.705597	-0.662793	0.07373498	7668.137264966965
387	1673.2162	0.0	1673.2162	1673.2162	1000.0	159.2115	4.132908	168.98372	102.91566	388000	-0.031394515	313.91663	-0.0015060119	-94.95068	-0.75011146	0.03383552	7686.400483131409
388	1724.3384	0.0	1724.3384	1724.3384	1000.0	165.81384	5.085385	177.35768	108.69929	389000	-0.053800024	134.17278	-0.01537472	-58.689552	-0.69959825	0.04370214	7704.632591724396
389	1564.4116	0.0	1564.4116	1564.4116	1000.0	171.77528	4.765585	183.5914	112.335045	390000	-0.016109014	304.49896	-0.010983799	-113.76973	-0.7471887	0.04487005	7722.966082334518
390	1700.3317	0.0	1700.3317	1700.3317	1000.0	164.8322	5.2372594	177.42392	117.065674	391000	0.029102722	180.76852	-0.009675238	-17.87259	-0.75140744	0.0046883663	7742.279317855835
391	1528.7085	0.0	1528.7085	1528.7085	1000.0	166.33975	4.8385425	177.37096	109.812225	392000	0.012091355	618.7908	-0.014611744	-165.7576	-0.7431545	0.02697926	7760.960114240646
392	1563.9128	0.0	1563.9128	1563.9128	1000.0	157.70575	5.027261	171.10455	98.33217	393000	0.012142269	91.74284	-0.0057308692	-0.508934	-0.66560197	0.00603773	7779.546719789505
393	1649.8068	0.0	1649.8068	1649.8068	1000.0	158.70319	4.8676076	170.69543	114.831055	394000	-0.01595653	324.19626	-0.018119441	-47.343933	-0.67151576	0.027648294	7797.9287123680115
394	1475.2886	0.0	1475.2886	1475.2886	1000.0	161.65884	5.648058	175.88586	102.75852	395000	-0.10079008	450.912	-0.0123921335	-160.91766	-0.7209228	0.031598628	7816.226605176926
395	-214.85664	0.0	-214.85664	-214.85664	1000.0	136.84274	6.9931765	155.22794	89.74695	396000	-0.022381311	21659.637	-0.015584232	-11201.975	-0.7302992	0.047960855	7834.632597208023
396	1560.4738	0.0	1560.4738	1560.4738	1000.0	119.04981	7.6793976	133.6279	76.99795	397000	0.054611564	1625.1819	-0.0014073253	-682.98456	-0.6903436	0.027384	7853.34703540802
397	1586.8468	0.0	1586.8468	1586.8468	1000.0	129.26059	7.8685904	145.72278	77.66721	398000	-0.04126489	1212.8676	-0.012623519	-583.3268	-0.7397495	0.009491987	7871.6118268966675
398	1544.6478	0.0	1544.6478	1544.6478	1000.0	140.06255	8.328672	157.35962	97.03329	399000	-0.07279359	524.441	-0.01629012	-86.141235	-0.74242836	0.03314297	7889.969900608063
399	1588.2905	0.0	1588.2905	1588.2905	1000.0	154.90825	5.26766	166.36461	100.47407	400000	-0.0008352995	381.47052	-0.026734132	-17.765839	-0.826143	0.040621188	7908.3123598098755
400	1624.1152	0.0	1624.1152	1624.1152	1000.0	154.55988	7.4672117	168.77998	103.88331	401000	-0.06636001	192.91219	-0.0131999105	-46.37175	-0.7498086	0.056196727	7927.734181642532
401	1608.6766	0.0	1608.6766	1608.6766	1000.0	155.83191	8.590662	171.74374	104.61811	402000	0.009397364	169.38635	-0.028290812	-10.88707	-0.7590905	0.07532424	7946.558808326721
402	1633.4473	0.0	1633.4473	1633.4473	1000.0	157.9459	9.488902	176.58609	99.9268	403000	-0.090705276	145.2762	-0.0018951595	-30.486732	-0.75495493	0.05326095	7964.877485275269
403	1608.3519	0.0	1608.3519	1608.3519	1000.0	160.60088	8.304787	176.9849	94.8097	404000	-0.017515594	245.06903	-0.009107899	-17.915634	-0.74366754	0.05809571	7983.192811250687
404	1689.5322	0.0	1689.5322	1689.5322	1000.0	166.23634	6.9156666	182.15201	101.46239	405000	0.0021577491	100.22947	-0.028632129	-18.736824	-0.7013076	0.08072501	8001.4798011779785
405	1669.6418	0.0	1669.6418	1669.6418	1000.0	169.84766	6.638573	183.69968	103.975044	406000	-0.06489819	350.51086	-0.0075434595	-15.603729	-0.8564316	0.042517416	8019.7309856414795
406	1767.2351	0.0	1767.2351	1767.2351	1000.0	166.59987	5.9283457	179.74507	98.89127	407000	-0.020054432	186.12987	-0.0032291822	-91.6826	-0.83175194	0.04685511	8038.014306783676
407	1690.6344	0.0	1690.6344	1690.6344	1000.0	165.5701	9.356861	185.89412	106.62861	408000	-0.08131834	190.0198	-0.01394701	-57.172623	-0.7882135	0.039207228	8056.348628044128
408	1750.3679	0.0	1750.3679	1750.3679	1000.0	173.31409	8.690435	192.01305	115.816795	409000	0.0005934534	125.20365	-0.005262822	-11.4617	-0.74261975	0.029264007	8074.6486093997955
409	1758.1051	0.0	1758.1051	1758.1051	1000.0	174.12541	8.618002	191.2788	115.82865	410000	-0.013071675	225.53221	-0.011373673	-5.6865234	-0.81133103	0.039829765	8093.000847578049
410	1753.9589	0.0	1753.9589	1753.9589	1000.0	179.23434	7.446608	193.44345	101.61281	411000	-0.074661806	81.69069	-0.012692273	-2.4615707	-0.84424907	0.035055537	8112.231469154358
411	1727.5527	0.0	1727.5527	1727.5527	1000.0	173.94627	9.345412	193.08553	104.861336	412000	-0.09056158	93.72923	-0.0043252483	-2.1539383	-0.9234749	0.02452937	8131.505164384842
412	1720.0809	0.0	1720.0809	1720.0809	1000.0	174.3893	9.859775	191.3543	106.78278	413000	-0.0032538548	100.448845	-0.0232376	-10.909691	-0.8084049	0.02606478	8149.834902048111
413	1508.2787	0.0	1508.2787	1508.2787	1000.0	173.45258	7.3670106	190.38927	102.135254	414000	-0.06893302	647.0724	-0.027343392	-215.47632	-0.88039213	0.061731905	8168.169312238693
414	1829.0573	0.0	1829.0573	1829.0573	1000.0	169.23659	6.176277	185.94086	107.99958	415000	-0.10753448	291.05188	-0.03994809	-199.9339	-0.93830335	0.13686222	8186.887690544128
415	1648.4774	0.0	1648.4774	1648.4774	1000.0	174.20804	11.224777	197.4825	112.00392	416000	0.011489466	700.3706	-0.0031269751	-55.620605	-1.0008149	0.09431359	8205.222869873047
416	1645.4039	0.0	1645.4039	1645.4039	1000.0	169.93056	7.4653835	186.89655	111.45393	417000	-0.027151551	268.08206	-0.02989306	-60.409546	-0.9211945	0.16179353	8223.572784662247
417	1235.5469	0.0	1235.5469	1235.5469	1000.0	154.35422	7.8402157	170.53131	103.83017	418000	0.0042614173	1200.0199	0.011308685	-521.93066	-0.9872565	0.030660568	8241.938477993011
418	1022.1535	0.0	1022.1535	1022.1535	1000.0	149.33147	8.166567	166.07521	96.36074	419000	0.09107119	2316.4314	-0.008251891	-1306.6841	-1.0429829	0.004998453	8260.275995731354
419	1234.2551	0.0	1234.2551	1234.2551	1000.0	133.10866	6.327128	149.84146	94.82886	420000	-0.12055982	421.96506	-0.009354629	-78.55524	-0.9708773	0.024771428	8278.60672545433
420	1471.2051	0.0	1471.2051	1471.2051	1000.0	125.612076	5.6426296	139.06198	84.210014	421000	0.01197599	496.47525	-0.03771379	-318.71368	-1.0108752	0.084691316	8298.044862985611
421	1588.6752	0.0	1588.6752	1588.6752	1000.0	131.49887	10.474039	157.37291	97.06425	422000	-0.026787212	957.2708	-0.05289731	-606.67847	-0.9857065	0.17660551	8316.6654484272
422	1760.272	0.0	1760.272	1760.272	1000.0	151.48283	6.8949385	167.10454	96.410965	423000	-0.08712985	662.6691	-0.0133361	-420.62244	-1.0113914	0.14611177	8335.083696603775
423	1832.1653	0.0	1832.1653	1832.1653	1000.0	152.3354	9.218778	174.68124	117.37709	424000	-0.0316767	1030.8729	-0.03620811	-542.2102	-1.0435544	0.16157196	8353.42639040947
424	1824.6703	0.0	1824.6703	1824.6703	1000.0	171.40663	7.6310782	187.43823	112.76889	425000	0.019739876	214.19037	0.017197983	-88.15794	-1.1018966	0.03211931	8371.718299865723
425	1502.0068	0.0	1502.0068	1502.0068	1000.0	173.37497	10.555308	200.1937	117.740135	426000	-0.010972223	586.7407	-0.023262907	-333.96063	-0.98251915	0.08167157	8390.025496959686
426	1424.6816	0.0	1424.6816	1424.6816	1000.0	166.44527	8.227792	184.02414	112.06127	427000	-0.062833756	614.8323	-0.031808108	-280.78528	-1.1050466	0.042836674	8408.323036909103
427	1391.6665	0.0	1391.6665	1391.6665	1000.0	158.7584	6.4338665	175.55713	114.59509	428000	-0.02611628	568.93744	-0.016387017	-271.71136	-1.1132312	0.029003471	8426.626633882523
428	1682.5591	0.0	1682.5591	1682.5591	1000.0	145.28949	8.065584	166.64021	102.93728	429000	0.027781816	1023.8932	-0.03957145	-378.11646	-1.0184948	0.10146347	8445.12489271164
429	1722.6644	0.0	1722.6644	1722.6644	1000.0	162.9155	6.7725806	180.71118	106.006035	430000	-0.020856876	209.36906	-0.051309492	-59.160126	-1.0919579	0.20022336	8463.393805742264
430	1630.9772	0.0	1630.9772	1630.9772	1000.0	158.641	6.967295	178.27531	117.69657	431000	-0.036664955	248.38239	0.011506636	-13.659454	-1.1542039	0.057525594	8482.631507635117
431	1588.0946	0.0	1588.0946	1588.0946	1000.0	172.17819	5.905503	191.99922	119.13799	432000	0.0056773988	264.73807	-0.03280966	-82.093155	-1.0946113	0.09072444	8501.129266262054
432	1576.0592	0.0	1576.0592	1576.0592	1000.0	158.34482	6.5432115	184.0958	107.1216	433000	0.030219901	149.79741	-0.013597872	-4.950409	-1.1866502	0.07656648	8519.420611143112
433	1429.1447	0.0	1429.1447	1429.1447	1000.0	163.82245	5.9866424	189.39793	109.40431	434000	-0.061342232	676.7741	0.003313262	-179.14636	-1.1521739	0.0295002	8537.684149503708
434	1617.1237	0.0	1617.1237	1617.1237	1000.0	154.25798	7.7158647	171.08047	96.34126	435000	-0.0035035477	360.21176	-0.0010427551	-51.919983	-1.1074405	0.019769814	8555.903693437576
435	1610.1069	0.0	1610.1069	1610.1069	1000.0	150.70753	7.4052315	167.24962	101.12613	436000	0.014311301	292.45847	-0.026468493	-107.32744	-1.1070565	0.07192235	8574.139318704605
436	1544.2855	0.0	1544.2855	1544.2855	1000.0	160.23628	6.283288	173.71829	99.5282	437000	0.020419827	621.70386	-0.039272822	-6.2282715	-1.1561818	0.15017173	8592.353803634644
437	1786.2598	0.0	1786.2598	1786.2598	1000.0	161.36603	6.5190787	179.22363	114.81211	438000	-0.008266715	311.02356	-0.019193806	-167.22545	-1.1957135	0.16785273	8610.587861299515
438	1598.8033	0.0	1598.8033	1598.8033	1000.0	167.01572	5.9841423	184.06943	122.849976	439000	-0.066485226	265.47702	-0.004857473	-47.87097	-1.1596087	0.112403326	8629.107728481293
439	1622.4044	0.0	1622.4044	1622.4044	1000.0	163.91815	8.396741	186.85211	109.98273	440000	-0.03418863	214.76546	-0.02799832	-3.5902557	-1.0941372	0.14136823	8647.301394939423
440	1613.1985	0.0	1613.1985	1613.1985	1000.0	165.28978	7.263465	182.72531	111.18381	441000	-0.00461724	364.0161	-0.00602941	-11.460815	-1.1739949	0.0996913	8666.490406274796
441	1640.3203	0.0	1640.3203	1640.3203	1000.0	165.99818	8.085805	194.3566	119.2958	442000	0.009531156	392.91556	-0.014332462	-10.433044	-1.1499186	0.10312232	8685.07418179512
442	1561.2671	0.0	1561.2671	1561.2671	1000.0	160.7401	6.8188567	174.10425	115.81463	443000	0.0047459677	238.87587	-0.022286454	-10.214844	-1.2457802	0.1080316	8703.30772447586
443	1571.127	0.0	1571.127	1571.127	1000.0	167.90868	6.732185	189.93512	98.35638	444000	-0.11744233	363.52686	-0.033607326	-73.49762	-1.1732692	0.17405145	8721.579191684723
444	1655.9963	0.0	1655.9963	1655.9963	1000.0	156.65834	8.891495	177.5373	102.04185	445000	-0.057039827	581.5283	0.015519645	-101.2247	-1.1889197	0.08329072	8739.877317667007
445	1867.626	0.0	1867.626	1867.626	1000.0	166.26903	6.3860774	183.71689	113.98006	446000	0.004560483	432.90115	-0.010839738	-321.74585	-1.2434876	0.090817265	8758.112562656403
446	1641.3026	0.0	1641.3026	1641.3026	1000.0	172.7428	8.806025	191.33426	126.02188	447000	0.023045752	348.64813	-0.009374064	-89.37857	-1.2904136	0.054669607	8776.431063652039
447	1757.3483	0.0	1757.3483	1757.3483	1000.0	171.9274	8.951786	200.98273	120.869156	448000	0.08754435	141.46483	-0.008484736	-31.078972	-1.2000324	0.049830597	8794.645991563797
448	1728.0839	0.0	1728.0839	1728.0839	1000.0	177.87187	9.908612	202.81564	112.99053	449000	-0.03888941	132.29988	-0.017973877	-12.147713	-1.2967966	0.037630815	8812.880392074585
449	1743.1696	0.0	1743.1696	1743.1696	1000.0	176.21234	9.158563	207.9372	122.316635	450000	-0.042595956	87.18467	-0.034510467	-4.3788376	-1.1728609	0.11165025	8831.143382549286
450	1581.2216	0.0	1581.2216	1581.2216	1000.0	178.8856	5.5698357	194.92398	122.42975	451000	-0.01234711	428.3449	0.00871501	-292.9646	-1.217594	0.030231543	8850.380855798721
451	1291.9246	0.0	1291.9246	1291.9246	1000.0	163.69972	4.27232	176.40858	117.016075	452000	-0.039893	1016.14276	-0.0048086494	-649.32983	-1.2147019	0.019522496	8868.93050312996
452	1438.1481	0.0	1438.1481	1438.1481	1000.0	145.39972	5.918861	166.84138	94.50985	453000	-0.054809004	212.93076	-0.014666982	-8.288284	-1.2637459	0.027537696	8887.195420265198
453	1452.5815	0.0	1452.5815	1452.5815	1000.0	141.12993	4.1384625	155.32207	98.84034	454000	-0.03833716	301.8422	-0.009242959	-5.854889	-1.2855957	0.01933923	8905.432414531708
454	1424.289	0.0	1424.289	1424.289	1000.0	138.46759	6.286259	151.4434	98.92947	455000	0.019332362	357.2457	-0.006127118	-16.24237	-1.3503946	0.03174676	8923.730845451355
455	1632.4407	0.0	1632.4407	1632.4407	1000.0	146.51086	6.1748753	165.82027	86.61863	456000	-0.036368422	489.85843	-0.038584657	-271.2454	-1.3334064	0.11533363	8942.013873577118
456	1706.4583	0.0	1706.4583	1706.4583	1000.0	153.52628	5.7586417	165.78293	108.21374	457000	-0.057620406	410.61295	-0.025525004	-233.94576	-1.3000191	0.093118496	8960.246695756912
457	1762.9185	0.0	1762.9185	1762.9185	1000.0	170.02791	4.8923507	187.66992	115.27912	458000	-0.03719916	108.78477	-0.026429776	-23.382706	-1.2756546	0.16241108	8978.49108672142
458	1717.9391	0.0	1717.9391	1717.9391	1000.0	169.10118	5.7497025	183.81523	119.19565	459000	-0.061552595	144.52313	-0.0064483173	-18.612785	-1.316134	0.10540027	8996.746606349945
459	1514.3583	0.0	1514.3583	1514.3583	1000.0	172.45676	5.3317547	187.19012	121.644905	460000	0.0134008825	726.55273	-0.05720223	-280.9143	-1.3246255	0.22397524	9014.911756277084
460	1504.6035	0.0	1504.6035	1504.6035	1000.0	160.10301	7.8743367	181.4072	116.74192	461000	-0.096439086	750.5934	-0.00097230077	-148.37482	-1.281356	0.14047296	9034.925295352936
461	1443.3892	0.0	1443.3892	1443.3892	1000.0	155.2151	7.693956	181.01024	111.44151	462000	-0.06794439	545.3973	0.0041898265	-68.29312	-1.3358138	0.041835237	9053.521942615509
462	1579.6458	0.0	1579.6458	1579.6458	1000.0	145.35107	7.8672624	172.47522	104.30358	463000	0.023259236	507.611	-0.003807608	-162.99289	-1.385858	0.019873446	9071.855461597443
463	1148.1301	0.0	1148.1301	1148.1301	1000.0	152.2788	8.711521	171.94469	105.38612	464000	-0.04575536	1531.1676	-0.0038586855	-871.2709	-1.3260022	0.0028536706	9090.121351957321
464	1208.0088	0.0	1208.0088	1208.0088	1000.0	131.98944	6.139916	158.73508	90.530365	465000	-0.04808201	696.72894	-0.008148905	-78.50134	-1.3516695	0.0191274	9108.423343658447
465	1399.4528	0.0	1399.4528	1399.4528	1000.0	127.57164	5.841404	141.66554	89.65037	466000	0.0021909294	1337.1885	-0.003134243	-214.46729	-1.4116992	0.0046244394	9126.717301368713
466	1312.5532	0.0	1312.5532	1312.5532	1000.0	136.79044	7.386122	155.24232	101.29103	467000	-0.02405669	660.2864	-0.027964605	-23.194153	-1.423331	0.04708029	9144.99901342392
467	1689.911	0.0	1689.911	1689.911	1000.0	137.82681	7.1526284	165.63528	100.8657	468000	-0.0099736955	1124.3184	-0.013212226	-752.3573	-1.4215884	0.07267372	9163.268716096878
468	1499.8091	0.0	1499.8091	1499.8091	1000.0	156.38292	7.1344633	186.61539	114.36718	469000	-0.021385156	567.2459	-0.00017558224	-108.098724	-1.50138	0.029572042	9181.565774917603
469	1738.5128	0.0	1738.5128	1738.5128	1000.0	153.2566	5.6341095	174.99153	109.58233	470000	0.0006532364	527.24365	-0.005268188	-337.73938	-1.4048882	0.033476666	9199.81483387947
470	1834.9835	0.0	1834.9835	1834.9835	1000.0	168.03954	7.713285	195.92026	115.64122	471000	-0.06129238	270.1835	-0.0034140274	-179.6264	-1.4708995	0.009453627	9218.965646505356
471	1670.8539	0.0	1670.8539	1670.8539	1000.0	174.38258	7.439393	207.05481	121.60801	472000	0.035564993	520.79254	-0.038808357	-68.15503	-1.4262861	0.114702985	9237.499827861786
472	1850.1248	0.0	1850.1248	1850.1248	1000.0	174.9216	6.8478174	196.81856	121.9293	473000	-0.013357903	209.73987	-0.006655273	-75.83029	-1.494529	0.09792218	9255.819088697433
473	1794.0558	0.0	1794.0558	1794.0558	1000.0	179.0871	6.2872963	200.18109	122.25955	474000	0.016865687	119.586174	-0.02215225	-7.460411	-1.4743823	0.12215738	9274.116708517075
474	1754.0938	0.0	1754.0938	1754.0938	1000.0	175.15932	6.121958	188.2354	125.289314	475000	-0.07313332	192.63753	-0.013061076	-9.618729	-1.4225154	0.09551944	9292.43676829338
475	1750.8827	0.0	1750.8827	1750.8827	1000.0	176.58708	8.537184	197.52304	122.98164	476000	0.018328266	95.93865	-0.00053327344	-8.946991	-1.4922158	0.027728865	9310.734064817429
476	1765.8018	0.0	1765.8018	1765.8018	1000.0	176.46675	6.99335	194.30756	111.0532	477000	-0.08057539	113.953125	-0.003919378	-7.566284	-1.4866459	0.03077471	9329.07126045227
477	1728.0256	0.0	1728.0256	1728.0256	1000.0	176.80208	7.473087	194.84357	122.71569	478000	0.003145421	90.64316	-0.015301482	-9.066429	-1.4818125	0.039639898	9347.568420410156
478	1859.4841	0.0	1859.4841	1859.4841	1000.0	177.71503	4.668126	189.41151	109.49779	479000	-0.00063334656	147.6972	-0.020730793	-81.169106	-1.5493829	0.039014265	9365.841628074646
479	1818.3484	0.0	1818.3484	1818.3484	1000.0	181.20772	6.229135	194.8614	122.42253	480000	-0.066105165	108.99166	-0.0019309372	-3.011879	-1.5405667	0.02240131	9384.476163387299
480	1793.9655	0.0	1793.9655	1793.9655	1000.0	182.50406	9.213324	213.27951	111.91879	481000	-0.0401284	121.20842	-0.0054786727	-4.4488373	-1.52242	0.006452939	9403.729031562805
481	1697.8905	0.0	1697.8905	1697.8905	1000.0	182.43687	8.02495	202.48962	110.572174	482000	-0.06906042	147.22101	-0.02372408	-58.472626	-1.5355705	0.046600074	9422.478451013565
482	1814.223	0.0	1814.223	1814.223	1000.0	177.63744	5.397464	190.08707	122.38891	483000	-0.031790365	72.019684	-0.0036247894	-24.309372	-1.5527784	0.031215107	9440.674978733063
483	1772.0199	0.0	1772.0199	1772.0199	1000.0	181.52475	10.080886	212.87262	130.17354	484000	-0.083248205	93.21833	-0.022318445	-18.349442	-1.5565615	0.048057534	9458.95483970642
484	1832.0488	0.0	1832.0488	1832.0488	1000.0	174.9555	5.9729376	191.894	120.59769	485000	-0.06564449	156.9853	-0.009039469	-88.56185	-1.4995093	0.05466891	9477.341560125351
485	1897.6385	0.0	1897.6385	1897.6385	1000.0	191.085	5.9299645	207.93245	124.57421	486000	-0.026374398	40.48163	-0.0066539403	-0.6620369	-1.6197864	0.006611676	9495.72246003151
486	1822.8225	0.0	1822.8225	1822.8225	1000.0	189.8045	6.2396235	212.29675	118.706154	487000	-0.026056474	204.26627	-0.03072312	-35.097183	-1.6505708	0.10627463	9514.042448043823
487	1694.0592	0.0	1694.0592	1694.0592	1000.0	178.22588	7.40875	201.73389	130.66763	488000	-0.083521746	166.19284	-0.024641082	-68.95347	-1.651772	0.06257785	9532.373683691025
488	1684.2208	0.0	1684.2208	1684.2208	1000.0	176.4576	6.928629	199.57437	115.42569	489000	-0.027195854	457.20407	-0.0382023	-123.96118	-1.6448318	0.096536666	9550.624879598618
489	1770.6154	0.0	1770.6154	1770.6154	1000.0	162.35126	6.81274	175.53471	106.46988	490000	0.05781105	337.50076	-0.025416214	-200.11508	-1.6520994	0.15654007	9568.920473337173
490	1757.3357	0.0	1757.3357	1757.3357	1000.0	181.73119	8.011134	198.13649	116.42096	491000	-0.059236262	61.636658	-0.019734878	-12.084446	-1.6551511	0.09914381	9588.241649627686
491	162.04819	0.0	162.04819	162.04819	1000.0	141.10648	18.187664	183.97043	116.07977	492000	0.05425697	17813.158	-0.00048033148	-9718.955	-1.7006234	0.030160993	9607.105896234512
492	-261.21756	0.0	-261.21756	-261.21756	1000.0	84.594215	6.9071546	120.52732	71.62313	493000	-0.0124931615	10474.204	-0.030221453	-5009.827	-1.783257	0.22868958	9625.341057300568
493	148.8913	0.0	148.8913	148.8913	1000.0	66.53327	16.87743	109.717316	46.667908	494000	-0.056525085	4713.9395	-0.035221543	-1750.793	-1.6917931	0.061268143	9643.974660634995
494	1544.8282	0.0	1544.8282	1544.8282	1000.0	102.68664	15.976287	132.79283	58.67315	495000	-0.038129292	2735.469	-0.1166283	-1343.3702	-1.6826987	0.21652853	9662.179246425629
495	1726.9637	0.0	1726.9637	1726.9637	1000.0	118.48803	14.947501	148.8397	73.82056	496000	-0.044062227	3204.251	-0.013610952	-1763.7427	-1.6991768	0.15749237	9680.460801839828
496	1865.322	0.0	1865.322	1865.322	1000.0	149.9945	10.052961	179.86041	92.236855	497000	-0.05923791	1379.3652	-0.037314516	-677.9966	-1.7907834	0.24536335	9698.742449998856
497	1772.164	0.0	1772.164	1772.164	1000.0	157.72052	16.610365	193.25812	107.92692	498000	-0.054650556	676.17804	-0.046149064	-245.19269	-1.747793	0.23326224	9716.990174770355
498	1680.1045	0.0	1680.1045	1680.1045	1000.0	166.70146	10.002469	188.77402	117.48458	499000	-0.064385355	160.45407	-0.05276698	-1.3144073	-1.7226067	0.3173407	9735.237652301788
499	1580.5168	0.0	1580.5168	1580.5168	1000.0	162.01352	19.787214	197.99802	104.72619	500000	-0.021184757	842.9821	-0.061699383	-66.86273	-1.7441612	0.34063676	9754.522295951843
